0	1949766855
1	1949800200
2	1949833522
3	1949866866
4	1949900188
5	1949933533
6	1949966855
7	1950000200
8	1950033522
9	1950066866
10	1950100188
11	1950133522
12	1950166855
13	1950200200
14	1950233533
15	1950266877
16	1950300200
17	1950333544
18	1950366855
19	1950400200
20	1950433522
21	1950466855
22	1950500188
23	1950533533
24	1950566855
25	1950600188
26	1950633533
27	1950666866
28	1950700188
29	1950733533
30	1950766866
31	1950800200
32	1950833522
33	1950866866
34	1950900200
35	1950933533
36	1950966855
37	1951000200
38	1951033522
39	1951066855
40	1951100188
41	1951133533
42	1951166855
43	1951200200
44	1951233522
45	1951266855
46	1951300188
47	1951333533
48	1951366855
49	1951400188
50	1951433522
51	1951466866
52	1951500188
53	1951533533
54	1951566855
55	1951600188
56	1951633533
57	1951666866
58	1951700188
59	1951733522
60	1951766855
61	1951800200
62	1951833522
63	1951866866
64	1951900188
65	1951933533
66	1951966855
67	1952000200
68	1952033522
69	1952066866
70	1952100188
71	1952133522
72	1952166866
73	1952200200
74	1952233522
75	1952266855
76	1952300200
77	1952333533
78	1952366855
79	1952400200
80	1952433533
81	1952466866
82	1952500200
83	1952533544
84	1952566866
85	1952600200
86	1952633522
87	1952666866
88	1952700200
89	1952733533
90	1952766866
91	1952800211
92	1952833533
93	1952866877
94	1952900188
95	1952933533
96	1952966855
97	1953000200
98	1953033522
99	1953066866
100	1953100200
101	1953133544
102	1953166855
103	1953200188
104	1953233522
105	1953266866
106	1953300188
107	1953333533
108	1953366866
109	1953400200
110	1953433522
111	1953466866
112	1953500188
113	1953533533
114	1953566855
115	1953600200
116	1953633522
117	1953666855
118	1953700188
119	1953733522
120	1953766866
121	1953800200
122	1953833522
123	1953866866
124	1953900188
125	1953933522
126	1953966866
127	1954000200
128	1954033522
129	1954066866
130	1954100200
131	1954133533
132	1954166866
133	1954200200
134	1954233522
135	1954266866
136	1954300188
137	1954333522
138	1954366855
139	1954400200
140	1954433533
141	1954466866
142	1954500200
143	1954533533
144	1954566866
145	1954600211
146	1954633533
147	1954666866
148	1954700200
149	1954733544
150	1954766866
151	1954800200
152	1954833522
153	1954866855
154	1954900200
155	1954933533
156	1954966855
157	1955000200
158	1955033533
159	1955066866
160	1955100188
161	1955133533
162	1955166866
163	1955200200
164	1955233522
165	1955266855
166	1955300188
167	1955333533
168	1955366866
169	1955400200
170	1955433533
171	1955466877
172	1955500188
173	1955533522
174	1955566855
175	1955600200
176	1955633522
177	1955666866
178	1955700188
179	1955733533
180	1955766866
181	1955800211
182	1955833533
183	1955866866
184	1955900188
185	1955933533
186	1955966855
187	1956000188
188	1956033522
189	1956066866
190	1956100200
191	1956133533
192	1956166855
193	1956200188
194	1956233533
195	1956266866
196	1956300200
197	1956333533
198	1956366855
199	1956400200
200	1956433533
201	1956466866
202	1956500188
203	1956533533
204	1956566866
205	1956600200
206	1956633522
207	1956666866
208	1956700188
209	1956733533
210	1956766855
211	1956800200
212	1956833522
213	1956866866
214	1956900200
215	1956933544
216	1956966866
217	1957000211
218	1957033522
219	1957066855
220	1957100188
221	1957133533
222	1957166855
223	1957200188
224	1957233522
225	1957266855
226	1957300200
227	1957333533
228	1957366855
229	1957400188
230	1957433533
231	1957466866
232	1957500188
233	1957533533
234	1957566866
235	1957600211
236	1957633522
237	1957666855
238	1957700188
239	1957733533
240	1957766855
241	1957800188
242	1957833522
243	1957866866
244	1957900188
245	1957933533
246	1957966866
247	1958000200
248	1958033522
249	1958066866
250	1958100188
251	1958133522
252	1958166855
253	1958200200
254	1958233522
255	1958266866
256	1958300188
257	1958333533
258	1958366855
259	1958400200
260	1958433533
261	1958466866
262	1958500188
263	1958533533
264	1958566866
265	1958600200
266	1958633544
267	1958666877
268	1958700211
269	1958733555
270	1958766888
271	1958800188
272	1958833533
273	1958866855
274	1958900200
275	1958933522
276	1958966866
277	1959000188
278	1959033533
279	1959066866
280	1959100211
281	1959133533
282	1959166866
283	1959200200
284	1959233544
285	1959266855
286	1959300188
287	1959333522
288	1959366866
289	1959400188
290	1959433533
291	1959466855
292	1959500200
293	1959533522
294	1959566866
295	1959600188
296	1959633533
297	1959666877
298	1959700211
299	1959733544
300	1959766888
301	1959800222
302	1959833522
303	1959866866
304	1959900188
305	1959933533
306	1959966855
307	1960000200
308	1960033522
309	1960066866
310	1960100200
311	1960133544
312	1960166855
313	1960200200
314	1960233533
315	1960266866
316	1960300188
317	1960333533
318	1960366866
319	1960400200
320	1960433522
321	1960466866
322	1960500188
323	1960533522
324	1960566855
325	1960600200
326	1960633522
327	1960666866
328	1960700188
329	1960733533
330	1960766866
331	1960800200
332	1960833533
333	1960866866
334	1960900188
335	1960933533
336	1960966855
337	1961000200
338	1961033522
339	1961066866
340	1961100188
341	1961133522
342	1961166866
343	1961200200
344	1961233522
345	1961266855
346	1961300200
347	1961333533
348	1961366855
349	1961400200
350	1961433533
351	1961466866
352	1961500200
353	1961533533
354	1961566866
355	1961600200
356	1961633533
357	1961666877
358	1961700200
359	1961733533
360	1961766866
361	1961800200
362	1961833522
363	1961866866
364	1961900188
365	1961933533
366	1961966866
367	1962000200
368	1962033533
369	1962066866
370	1962100188
371	1962133533
372	1962166866
373	1962200200
374	1962233522
375	1962266866
376	1962300200
377	1962333533
378	1962366855
379	1962400200
380	1962433522
381	1962466855
382	1962500200
383	1962533533
384	1962566866
385	1962600211
386	1962633533
387	1962666866
388	1962700188
389	1962733533
390	1962766855
391	1962800200
392	1962833522
393	1962866866
394	1962900188
395	1962933522
396	1962966866
397	1963000200
398	1963033522
399	1963066855
400	1963100200
401	1963133533
402	1963166855
403	1963200200
404	1963233533
405	1963266866
406	1963300188
407	1963333533
408	1963366855
409	1963400200
410	1963433522
411	1963466866
412	1963500188
413	1963533533
414	1963566855
415	1963600200
416	1963633522
417	1963666866
418	1963700200
419	1963733533
420	1963766855
421	1963800200
422	1963833522
423	1963866855
424	1963900200
425	1963933533
426	1963966866
427	1964000211
428	1964033533
429	1964066877
430	1964100188
431	1964133533
432	1964166855
433	1964200188
434	1964233522
435	1964266855
436	1964300200
437	1964333533
438	1964366866
439	1964400200
440	1964433533
441	1964466866
442	1964500188
443	1964533533
444	1964566866
445	1964600200
446	1964633522
447	1964666866
448	1964700188
449	1964733533
450	1964766855
451	1964800200
452	1964833522
453	1964866866
454	1964900200
455	1964933533
456	1964966855
457	1965000200
458	1965033533
459	1965066866
460	1965100188
461	1965133533
462	1965166855
463	1965200200
464	1965233522
465	1965266866
466	1965300188
467	1965333533
468	1965366855
469	1965400200
470	1965433522
471	1965466855
472	1965500200
473	1965533533
474	1965566866
475	1965600211
476	1965633533
477	1965666866
478	1965700188
479	1965733522
480	1965766855
481	1965800188
482	1965833533
483	1965866866
484	1965900200
485	1965933544
486	1965966877
487	1966000211
488	1966033544
489	1966066888
490	1966100222
491	1966133522
492	1966166855
493	1966200188
494	1966233522
495	1966266866
496	1966300200
497	1966333522
498	1966366866
499	1966400200
500	1966433533
501	1966466855
502	1966500200
503	1966533522
504	1966566855
505	1966600200
506	1966633533
507	1966666855
508	1966700188
509	1966733533
510	1966766866
511	1966800211
512	1966833544
513	1966866877
514	1966900222
515	1966933555
516	1966966866
517	1967000200
518	1967033522
519	1967066866
520	1967100188
521	1967133533
522	1967166855
523	1967200200
524	1967233522
525	1967266855
526	1967300188
527	1967333522
528	1967366866
529	1967400200
530	1967433522
531	1967466866
532	1967500188
533	1967533522
534	1967566866
535	1967600200
536	1967633522
537	1967666866
538	1967700188
539	1967733522
540	1967766855
541	1967800200
542	1967833522
543	1967866855
544	1967900188
545	1967933522
546	1967966855
547	1968000200
548	1968033522
549	1968066855
550	1968100188
551	1968133533
552	1968166855
553	1968200188
554	1968233533
555	1968266866
556	1968300188
557	1968333533
558	1968366855
559	1968400200
560	1968433533
561	1968466866
562	1968500211
563	1968533544
564	1968566877
565	1968600222
566	1968633555
567	1968666855
568	1968700200
569	1968733522
570	1968766855
571	1968800200
572	1968833533
573	1968866866
574	1968900211
575	1968933533
576	1968966866
577	1969000188
578	1969033533
579	1969066866
580	1969100200
581	1969133522
582	1969166855
583	1969200200
584	1969233533
585	1969266855
586	1969300200
587	1969333522
588	1969366866
589	1969400188
590	1969433533
591	1969466866
592	1969500200
593	1969533533
594	1969566866
595	1969600188
596	1969633533
597	1969666866
598	1969700200
599	1969733522
600	1969766855
601	1969800200
602	1969833533
603	1969866855
604	1969900200
605	1969933533
606	1969966866
607	1970000188
608	1970033533
609	1970066855
610	1970100188
611	1970133522
612	1970166866
613	1970200188
614	1970233533
615	1970266855
616	1970300200
617	1970333522
618	1970366866
619	1970400200
620	1970433533
621	1970466866
622	1970500211
623	1970533522
624	1970566866
625	1970600188
626	1970633522
627	1970666855
628	1970700200
629	1970733522
630	1970766855
631	1970800188
632	1970833522
633	1970866866
634	1970900200
635	1970933522
636	1970966866
637	1971000200
638	1971033533
639	1971066866
640	1971100211
641	1971133533
642	1971166877
643	1971200188
644	1971233522
645	1971266866
646	1971300200
647	1971333533
648	1971366866
649	1971400188
650	1971433522
651	1971466855
652	1971500200
653	1971533533
654	1971566866
655	1971600200
656	1971633533
657	1971666866
658	1971700200
659	1971733522
660	1971766866
661	1971800200
662	1971833533
663	1971866866
664	1971900211
665	1971933522
666	1971966855
667	1972000188
668	1972033533
669	1972066855
670	1972100200
671	1972133522
672	1972166866
673	1972200188
674	1972233533
675	1972266866
676	1972300200
677	1972333522
678	1972366866
679	1972400188
680	1972433522
681	1972466866
682	1972500200
683	1972533522
684	1972566866
685	1972600200
686	1972633544
687	1972666866
688	1972700200
689	1972733533
690	1972766866
691	1972800188
692	1972833533
693	1972866866
694	1972900200
695	1972933533
696	1972966877
697	1973000188
698	1973033522
699	1973066866
700	1973100200
701	1973133533
702	1973166866
703	1973200200
704	1973233533
705	1973266855
706	1973300200
707	1973333522
708	1973366866
709	1973400188
710	1973433533
711	1973466866
712	1973500200
713	1973533522
714	1973566866
715	1973600200
716	1973633533
717	1973666855
718	1973700188
719	1973733522
720	1973766855
721	1973800188
722	1973833522
723	1973866855
724	1973900200
725	1973933533
726	1973966866
727	1974000188
728	1974033533
729	1974066866
730	1974100200
731	1974133522
732	1974166866
733	1974200188
734	1974233522
735	1974266866
736	1974300200
737	1974333522
738	1974366866
739	1974400188
740	1974433533
741	1974466855
742	1974500200
743	1974533533
744	1974566866
745	1974600200
746	1974633544
747	1974666866
748	1974700211
749	1974733522
750	1974766855
751	1974800188
752	1974833533
753	1974866866
754	1974900200
755	1974933522
756	1974966866
757	1975000200
758	1975033533
759	1975066866
760	1975100211
761	1975133522
762	1975166866
763	1975200188
764	1975233533
765	1975266866
766	1975300200
767	1975333533
768	1975366866
769	1975400188
770	1975433533
771	1975466855
772	1975500188
773	1975533522
774	1975566866
775	1975600188
776	1975633533
777	1975666866
778	1975700211
779	1975733533
780	1975766866
781	1975800188
782	1975833533
783	1975866855
784	1975900188
785	1975933522
786	1975966866
787	1976000200
788	1976033533
789	1976066866
790	1976100211
791	1976133522
792	1976166855
793	1976200200
794	1976233533
795	1976266866
796	1976300200
797	1976333533
798	1976366866
799	1976400188
800	1976433533
801	1976466855
802	1976500188
803	1976533522
804	1976566866
805	1976600188
806	1976633522
807	1976666855
808	1976700200
809	1976733533
810	1976766866
811	1976800188
812	1976833522
813	1976866855
814	1976900188
815	1976933533
816	1976966866
817	1977000200
818	1977033533
819	1977066855
820	1977100200
821	1977133533
822	1977166866
823	1977200188
824	1977233533
825	1977266855
826	1977300188
827	1977333522
828	1977366855
829	1977400200
830	1977433533
831	1977466855
832	1977500188
833	1977533533
834	1977566866
835	1977600211
836	1977633544
837	1977666877
838	1977700222
839	1977733555
840	1977766855
841	1977800200
842	1977833533
843	1977866866
844	1977900188
845	1977933533
846	1977966855
847	1978000200
848	1978033522
849	1978066866
850	1978100200
851	1978133533
852	1978166866
853	1978200200
854	1978233522
855	1978266866
856	1978300200
857	1978333533
858	1978366855
859	1978400200
860	1978433533
861	1978466866
862	1978500200
863	1978533544
864	1978566855
865	1978600188
866	1978633533
867	1978666866
868	1978700200
869	1978733533
870	1978766866
871	1978800200
872	1978833522
873	1978866866
874	1978900200
875	1978933533
876	1978966855
877	1979000200
878	1979033522
879	1979066866
880	1979100188
881	1979133533
882	1979166855
883	1979200200
884	1979233533
885	1979266866
886	1979300200
887	1979333544
888	1979366866
889	1979400200
890	1979433522
891	1979466866
892	1979500200
893	1979533533
894	1979566855
895	1979600200
896	1979633522
897	1979666855
898	1979700188
899	1979733533
900	1979766855
901	1979800200
902	1979833533
903	1979866877
904	1979900188
905	1979933533
906	1979966855
907	1980000200
908	1980033533
909	1980066866
910	1980100188
911	1980133522
912	1980166866
913	1980200200
914	1980233533
915	1980266866
916	1980300200
917	1980333533
918	1980366855
919	1980400200
920	1980433522
921	1980466866
922	1980500200
923	1980533544
924	1980566866
925	1980600211
926	1980633522
927	1980666866
928	1980700188
929	1980733533
930	1980766866
931	1980800200
932	1980833533
933	1980866866
934	1980900200
935	1980933533
936	1980966855
937	1981000200
938	1981033522
939	1981066866
940	1981100188
941	1981133533
942	1981166866
943	1981200211
944	1981233533
945	1981266866
946	1981300188
947	1981333533
948	1981366866
949	1981400200
950	1981433533
951	1981466877
952	1981500200
953	1981533544
954	1981566866
955	1981600200
956	1981633533
957	1981666877
958	1981700200
959	1981733533
960	1981766855
961	1981800200
962	1981833522
963	1981866866
964	1981900200
965	1981933533
966	1981966855
967	1982000200
968	1982033522
969	1982066855
970	1982100188
971	1982133522
972	1982166866
973	1982200200
974	1982233533
975	1982266866
976	1982300188
977	1982333533
978	1982366855
979	1982400188
980	1982433522
981	1982466855
982	1982500200
983	1982533533
984	1982566855
985	1982600188
986	1982633533
987	1982666866
988	1982700188
989	1982733522
990	1982766855
991	1982800200
992	1982833522
993	1982866866
994	1982900200
995	1982933544
996	1982966866
997	1983000200
998	1983033522
999	1983066855
1000	1983100200
1001	1983133533
1002	1983166855
1003	1983200200
1004	1983233522
1005	1983266866
1006	1983300188
1007	1983333533
1008	1983366866
1009	1983400200
1010	1983433522
1011	1983466866
1012	1983500200
1013	1983533544
1014	1983566866
1015	1983600200
1016	1983633522
1017	1983666866
1018	1983700200
1019	1983733533
1020	1983766866
1021	1983800200
1022	1983833522
1023	1983866866
1024	1983900188
1025	1983933533
1026	1983966855
1027	1984000200
1028	1984033522
1029	1984066866
1030	1984100188
1031	1984133522
1032	1984166866
1033	1984200200
1034	1984233533
1035	1984266866
1036	1984300188
1037	1984333533
1038	1984366866
1039	1984400200
1040	1984433533
1041	1984466866
1042	1984500200
1043	1984533533
1044	1984566855
1045	1984600200
1046	1984633522
1047	1984666855
1048	1984700188
1049	1984733533
1050	1984766855
1051	1984800200
1052	1984833533
1053	1984866877
1054	1984900188
1055	1984933522
1056	1984966855
1057	1985000188
1058	1985033522
1059	1985066866
1060	1985100200
1061	1985133533
1062	1985166855
1063	1985200188
1064	1985233533
1065	1985266866
1066	1985300188
1067	1985333533
1068	1985366866
1069	1985400200
1070	1985433533
1071	1985466877
1072	1985500200
1073	1985533544
1074	1985566866
1075	1985600200
1076	1985633533
1077	1985666866
1078	1985700188
1079	1985733533
1080	1985766855
1081	1985800200
1082	1985833533
1083	1985866866
1084	1985900200
1085	1985933544
1086	1985966855
1087	1986000188
1088	1986033522
1089	1986066855
1090	1986100200
1091	1986133533
1092	1986166866
1093	1986200200
1094	1986233533
1095	1986266866
1096	1986300211
1097	1986333544
1098	1986366877
1099	1986400222
1100	1986433555
1101	1986466855
1102	1986500188
1103	1986533522
1104	1986566866
1105	1986600188
1106	1986633533
1107	1986666855
1108	1986700188
1109	1986733522
1110	1986766866
1111	1986800188
1112	1986833533
1113	1986866855
1114	1986900200
1115	1986933522
1116	1986966866
1117	1987000200
1118	1987033533
1119	1987066855
1120	1987100200
1121	1987133522
1122	1987166866
1123	1987200211
1124	1987233544
1125	1987266877
1126	1987300222
1127	1987333555
1128	1987366855
1129	1987400188
1130	1987433533
1131	1987466866
1132	1987500200
1133	1987533533
1134	1987566866
1135	1987600200
1136	1987633533
1137	1987666877
1138	1987700200
1139	1987733544
1140	1987766855
1141	1987800200
1142	1987833522
1143	1987866866
1144	1987900200
1145	1987933533
1146	1987966866
1147	1988000211
1148	1988033522
1149	1988066855
1150	1988100200
1151	1988133533
1152	1988166866
1153	1988200200
1154	1988233522
1155	1988266855
1156	1988300200
1157	1988333533
1158	1988366855
1159	1988400200
1160	1988433522
1161	1988466866
1162	1988500200
1163	1988533544
1164	1988566855
1165	1988600188
1166	1988633533
1167	1988666866
1168	1988700188
1169	1988733533
1170	1988766866
1171	1988800200
1172	1988833522
1173	1988866866
1174	1988900188
1175	1988933522
1176	1988966866
1177	1989000200
1178	1989033533
1179	1989066866
1180	1989100188
1181	1989133522
1182	1989166866
1183	1989200200
1184	1989233522
1185	1989266855
1186	1989300188
1187	1989333533
1188	1989366855
1189	1989400200
1190	1989433544
1191	1989466877
1192	1989500211
1193	1989533555
1194	1989566888
1195	1989600200
1196	1989633533
1197	1989666855
1198	1989700200
1199	1989733522
1200	1989766855
1201	1989800188
1202	1989833533
1203	1989866855
1204	1989900200
1205	1989933522
1206	1989966866
1207	1990000188
1208	1990033533
1209	1990066866
1210	1990100200
1211	1990133522
1212	1990166855
1213	1990200200
1214	1990233533
1215	1990266877
1216	1990300211
1217	1990333544
1218	1990366888
1219	1990400222
1220	1990433522
1221	1990466866
1222	1990500188
1223	1990533522
1224	1990566866
1225	1990600200
1226	1990633522
1227	1990666866
1228	1990700188
1229	1990733522
1230	1990766855
1231	1990800188
1232	1990833533
1233	1990866866
1234	1990900188
1235	1990933533
1236	1990966866
1237	1991000200
1238	1991033522
1239	1991066866
1240	1991100200
1241	1991133533
1242	1991166855
1243	1991200200
1244	1991233522
1245	1991266855
1246	1991300200
1247	1991333533
1248	1991366855
1249	1991400200
1250	1991433533
1251	1991466877
1252	1991500200
1253	1991533533
1254	1991566866
1255	1991600200
1256	1991633522
1257	1991666855
1258	1991700200
1259	1991733533
1260	1991766855
1261	1991800200
1262	1991833522
1263	1991866855
1264	1991900188
1265	1991933533
1266	1991966855
1267	1992000200
1268	1992033522
1269	1992066855
1270	1992100200
1271	1992133533
1272	1992166855
1273	1992200200
1274	1992233522
1275	1992266866
1276	1992300200
1277	1992333544
1278	1992366855
1279	1992400188
1280	1992433522
1281	1992466866
1282	1992500188
1283	1992533522
1284	1992566855
1285	1992600200
1286	1992633533
1287	1992666866
1288	1992700188
1289	1992733533
1290	1992766866
1291	1992800211
1292	1992833533
1293	1992866866
1294	1992900200
1295	1992933533
1296	1992966866
1297	1993000211
1298	1993033533
1299	1993066866
1300	1993100188
1301	1993133522
1302	1993166866
1303	1993200200
1304	1993233533
1305	1993266866
1306	1993300200
1307	1993333533
1308	1993366866
1309	1993400200
1310	1993433522
1311	1993466866
1312	1993500200
1313	1993533533
1314	1993566866
1315	1993600200
1316	1993633533
1317	1993666866
1318	1993700188
1319	1993733533
1320	1993766866
1321	1993800200
1322	1993833522
1323	1993866866
1324	1993900200
1325	1993933533
1326	1993966855
1327	1994000200
1328	1994033533
1329	1994066866
1330	1994100200
1331	1994133533
1332	1994166866
1333	1994200200
1334	1994233522
1335	1994266855
1336	1994300188
1337	1994333522
1338	1994366866
1339	1994400200
1340	1994433533
1341	1994466866
1342	1994500188
1343	1994533533
1344	1994566855
1345	1994600200
1346	1994633533
1347	1994666866
1348	1994700188
1349	1994733533
1350	1994766855
1351	1994800200
1352	1994833544
1353	1994866877
1354	1994900211
1355	1994933555
1356	1994966888
1357	1995000200
1358	1995033533
1359	1995066855
1360	1995100200
1361	1995133522
1362	1995166866
1363	1995200188
1364	1995233522
1365	1995266866
1366	1995300200
1367	1995333533
1368	1995366866
1369	1995400188
1370	1995433533
1371	1995466877
1372	1995500211
1373	1995533544
1374	1995566888
1375	1995600222
1376	1995633522
1377	1995666855
1378	1995700200
1379	1995733533
1380	1995766855
1381	1995800200
1382	1995833522
1383	1995866866
1384	1995900211
1385	1995933544
1386	1995966877
1387	1996000222
1388	1996033555
1389	1996066855
1390	1996100188
1391	1996133522
1392	1996166866
1393	1996200188
1394	1996233522
1395	1996266855
1396	1996300200
1397	1996333533
1398	1996366866
1399	1996400188
1400	1996433533
1401	1996466855
1402	1996500188
1403	1996533522
1404	1996566866
1405	1996600188
1406	1996633522
1407	1996666855
1408	1996700200
1409	1996733522
1410	1996766855
1411	1996800188
1412	1996833533
1413	1996866855
1414	1996900200
1415	1996933522
1416	1996966866
1417	1997000200
1418	1997033533
1419	1997066866
1420	1997100211
1421	1997133533
1422	1997166866
1423	1997200200
1424	1997233533
1425	1997266866
1426	1997300211
1427	1997333522
1428	1997366866
1429	1997400188
1430	1997433533
1431	1997466855
1432	1997500200
1433	1997533522
1434	1997566855
1435	1997600188
1436	1997633522
1437	1997666866
1438	1997700200
1439	1997733522
1440	1997766866
1441	1997800200
1442	1997833544
1443	1997866855
1444	1997900200
1445	1997933522
1446	1997966855
1447	1998000188
1448	1998033533
1449	1998066877
1450	1998100211
1451	1998133544
1452	1998166888
1453	1998200222
1454	1998233533
1455	1998266866
1456	1998300188
1457	1998333533
1458	1998366855
1459	1998400188
1460	1998433522
1461	1998466866
1462	1998500188
1463	1998533533
1464	1998566866
1465	1998600200
1466	1998633522
1467	1998666866
1468	1998700188
1469	1998733533
1470	1998766866
1471	1998800211
1472	1998833522
1473	1998866866
1474	1998900188
1475	1998933522
1476	1998966855
1477	1999000188
1478	1999033533
1479	1999066866
1480	1999100188
1481	1999133533
1482	1999166866
1483	1999200211
1484	1999233522
1485	1999266855
1486	1999300188
1487	1999333533
1488	1999366855
1489	1999400200
1490	1999433522
1491	1999466866
1492	1999500188
1493	1999533522
1494	1999566855
1495	1999600200
1496	1999633522
1497	1999666866
1498	1999700200
1499	1999733533
1500	1999766866
1501	1999800200
1502	1999833522
1503	1999866866
1504	1999900188
1505	1999933533
1506	1999966866
1507	2000000200
1508	2000033522
1509	2000066866
1510	2000100188
1511	2000133522
1512	2000166866
1513	2000200200
1514	2000233522
1515	2000266866
1516	2000300200
1517	2000333533
1518	2000366866
1519	2000400200
1520	2000433522
1521	2000466866
1522	2000500188
1523	2000533533
1524	2000566855
1525	2000600188
1526	2000633522
1527	2000666866
1528	2000700200
1529	2000733544
1530	2000766855
1531	2000800188
1532	2000833522
1533	2000866855
1534	2000900188
1535	2000933522
1536	2000966855
1537	2001000200
1538	2001033533
1539	2001066866
1540	2001100188
1541	2001133522
1542	2001166866
1543	2001200200
1544	2001233533
1545	2001266866
1546	2001300200
1547	2001333544
1548	2001366866
1549	2001400211
1550	2001433522
1551	2001466855
1552	2001500188
1553	2001533522
1554	2001566855
1555	2001600200
1556	2001633522
1557	2001666866
1558	2001700200
1559	2001733533
1560	2001766855
1561	2001800200
1562	2001833533
1563	2001866866
1564	2001900188
1565	2001933522
1566	2001966855
1567	2002000200
1568	2002033522
1569	2002066855
1570	2002100188
1571	2002133533
1572	2002166855
1573	2002200200
1574	2002233533
1575	2002266877
1576	2002300188
1577	2002333522
1578	2002366855
1579	2002400200
1580	2002433544
1581	2002466877
1582	2002500211
1583	2002533555
1584	2002566888
1585	2002600188
1586	2002633522
1587	2002666855
1588	2002700188
1589	2002733533
1590	2002766866
1591	2002800188
1592	2002833522
1593	2002866855
1594	2002900200
1595	2002933522
1596	2002966855
1597	2003000188
1598	2003033533
1599	2003066855
1600	2003100200
1601	2003133522
1602	2003166866
1603	2003200188
1604	2003233533
1605	2003266855
1606	2003300200
1607	2003333522
1608	2003366855
1609	2003400200
1610	2003433533
1611	2003466855
1612	2003500200
1613	2003533533
1614	2003566866
1615	2003600188
1616	2003633533
1617	2003666855
1618	2003700188
1619	2003733522
1620	2003766866
1621	2003800188
1622	2003833533
1623	2003866866
1624	2003900211
1625	2003933533
1626	2003966877
1627	2004000188
1628	2004033533
1629	2004066855
1630	2004100200
1631	2004133533
1632	2004166866
1633	2004200200
1634	2004233533
1635	2004266855
1636	2004300188
1637	2004333533
1638	2004366866
1639	2004400188
1640	2004433533
1641	2004466866
1642	2004500200
1643	2004533522
1644	2004566866
1645	2004600200
1646	2004633533
1647	2004666855
1648	2004700200
1649	2004733533
1650	2004766866
1651	2004800211
1652	2004833544
1653	2004866877
1654	2004900222
1655	2004933555
1656	2004966866
1657	2005000200
1658	2005033522
1659	2005066866
1660	2005100188
1661	2005133533
1662	2005166855
1663	2005200188
1664	2005233522
1665	2005266866
1666	2005300200
1667	2005333533
1668	2005366855
1669	2005400200
1670	2005433533
1671	2005466866
1672	2005500188
1673	2005533522
1674	2005566855
1675	2005600188
1676	2005633533
1677	2005666866
1678	2005700200
1679	2005733544
1680	2005766866
1681	2005800200
1682	2005833522
1683	2005866866
1684	2005900188
1685	2005933522
1686	2005966866
1687	2006000200
1688	2006033522
1689	2006066866
1690	2006100200
1691	2006133533
1692	2006166877
1693	2006200211
1694	2006233544
1695	2006266888
1696	2006300222
1697	2006333533
1698	2006366866
1699	2006400188
1700	2006433533
1701	2006466866
1702	2006500211
1703	2006533533
1704	2006566866
1705	2006600200
1706	2006633533
1707	2006666866
1708	2006700200
1709	2006733533
1710	2006766866
1711	2006800200
1712	2006833533
1713	2006866855
1714	2006900200
1715	2006933522
1716	2006966855
1717	2007000200
1718	2007033533
1719	2007066855
1720	2007100200
1721	2007133533
1722	2007166866
1723	2007200188
1724	2007233522
1725	2007266855
1726	2007300200
1727	2007333522
1728	2007366866
1729	2007400200
1730	2007433533
1731	2007466877
1732	2007500211
1733	2007533544
1734	2007566888
1735	2007600222
1736	2007633533
1737	2007666866
1738	2007700188
1739	2007733533
1740	2007766855
1741	2007800200
1742	2007833522
1743	2007866866
1744	2007900188
1745	2007933533
1746	2007966855
1747	2008000188
1748	2008033522
1749	2008066866
1750	2008100188
1751	2008133533
1752	2008166855
1753	2008200200
1754	2008233533
1755	2008266866
1756	2008300200
1757	2008333533
1758	2008366855
1759	2008400200
1760	2008433522
1761	2008466866
1762	2008500188
1763	2008533522
1764	2008566855
1765	2008600200
1766	2008633533
1767	2008666866
1768	2008700200
1769	2008733533
1770	2008766855
1771	2008800188
1772	2008833533
1773	2008866877
1774	2008900188
1775	2008933533
1776	2008966855
1777	2009000188
1778	2009033522
1779	2009066866
1780	2009100188
1781	2009133533
1782	2009166855
1783	2009200200
1784	2009233533
1785	2009266866
1786	2009300188
1787	2009333533
1788	2009366855
1789	2009400200
1790	2009433522
1791	2009466855
1792	2009500188
1793	2009533533
1794	2009566855
1795	2009600188
1796	2009633533
1797	2009666866
1798	2009700211
1799	2009733544
1800	2009766877
1801	2009800222
1802	2009833555
1803	2009866855
1804	2009900188
1805	2009933522
1806	2009966855
1807	2010000200
1808	2010033544
1809	2010066855
1810	2010100188
1811	2010133533
1812	2010166866
1813	2010200188
1814	2010233522
1815	2010266855
1816	2010300188
1817	2010333533
1818	2010366866
1819	2010400200
1820	2010433544
1821	2010466866
1822	2010500200
1823	2010533522
1824	2010566855
1825	2010600188
1826	2010633522
1827	2010666855
1828	2010700200
1829	2010733533
1830	2010766877
1831	2010800188
1832	2010833533
1833	2010866855
1834	2010900200
1835	2010933522
1836	2010966866
1837	2011000188
1838	2011033522
1839	2011066866
1840	2011100200
1841	2011133522
1842	2011166855
1843	2011200188
1844	2011233533
1845	2011266855
1846	2011300188
1847	2011333522
1848	2011366866
1849	2011400200
1850	2011433544
1851	2011466855
1852	2011500200
1853	2011533522
1854	2011566866
1855	2011600200
1856	2011633533
1857	2011666866
1858	2011700211
1859	2011733533
1860	2011766866
1861	2011800188
1862	2011833533
1863	2011866866
1864	2011900200
1865	2011933522
1866	2011966866
1867	2012000188
1868	2012033522
1869	2012066866
1870	2012100200
1871	2012133522
1872	2012166866
1873	2012200188
1874	2012233533
1875	2012266855
1876	2012300200
1877	2012333522
1878	2012366866
1879	2012400200
1880	2012433544
1881	2012466866
1882	2012500211
1883	2012533533
1884	2012566866
1885	2012600188
1886	2012633522
1887	2012666866
1888	2012700200
1889	2012733522
1890	2012766866
1891	2012800188
1892	2012833533
1893	2012866855
1894	2012900200
1895	2012933522
1896	2012966866
1897	2013000188
1898	2013033533
1899	2013066855
1900	2013100200
1901	2013133522
1902	2013166866
1903	2013200188
1904	2013233522
1905	2013266866
1906	2013300200
1907	2013333533
1908	2013366866
1909	2013400188
1910	2013433533
1911	2013466855
1912	2013500200
1913	2013533533
1914	2013566866
1915	2013600188
1916	2013633533
1917	2013666866
1918	2013700200
1919	2013733522
1920	2013766855
1921	2013800188
1922	2013833522
1923	2013866866
1924	2013900200
1925	2013933522
1926	2013966866
1927	2014000200
1928	2014033533
1929	2014066855
1930	2014100200
1931	2014133533
1932	2014166866
1933	2014200200
1934	2014233533
1935	2014266855
1936	2014300188
1937	2014333522
1938	2014366866
1939	2014400188
1940	2014433533
1941	2014466855
1942	2014500200
1943	2014533533
1944	2014566877
1945	2014600188
1946	2014633522
1947	2014666866
1948	2014700200
1949	2014733533
1950	2014766866
1951	2014800188
1952	2014833533
1953	2014866866
1954	2014900211
1955	2014933533
1956	2014966866
1957	2015000200
1958	2015033533
1959	2015066866
1960	2015100200
1961	2015133533
1962	2015166877
1963	2015200211
1964	2015233544
1965	2015266877
1966	2015300222
1967	2015333555
1968	2015366855
1969	2015400188
1970	2015433522
1971	2015466855
1972	2015500200
1973	2015533533
1974	2015566855
1975	2015600200
1976	2015633533
1977	2015666877
1978	2015700188
1979	2015733533
1980	2015766866
1981	2015800211
1982	2015833533
1983	2015866866
1984	2015900200
1985	2015933533
1986	2015966855
1987	2016000188
1988	2016033533
1989	2016066866
1990	2016100188
1991	2016133533
1992	2016166855
1993	2016200188
1994	2016233522
1995	2016266866
1996	2016300200
1997	2016333533
1998	2016366866
1999	2016400211
2000	2016433533
2001	2016466877
2002	2016500200
2003	2016533533
2004	2016566855
2005	2016600188
2006	2016633533
2007	2016666866
2008	2016700188
2009	2016733533
2010	2016766855
2011	2016800200
2012	2016833533
2013	2016866866
2014	2016900188
2015	2016933533
2016	2016966855
2017	2017000200
2018	2017033522
2019	2017066866
2020	2017100188
2021	2017133533
2022	2017166855
2023	2017200200
2024	2017233522
2025	2017266855
2026	2017300188
2027	2017333533
2028	2017366866
2029	2017400200
2030	2017433533
2031	2017466866
2032	2017500200
2033	2017533533
2034	2017566855
2035	2017600200
2036	2017633522
2037	2017666855
2038	2017700200
2039	2017733533
2040	2017766866
2041	2017800200
2042	2017833522
2043	2017866866
2044	2017900188
2045	2017933533
2046	2017966866
2047	2018000200
2048	2018033522
2049	2018066866
2050	2018100188
2051	2018133522
2052	2018166866
2053	2018200200
2054	2018233522
2055	2018266866
2056	2018300188
2057	2018333533
2058	2018366855
2059	2018400200
2060	2018433522
2061	2018466866
2062	2018500188
2063	2018533533
2064	2018566866
2065	2018600200
2066	2018633544
2067	2018666877
2068	2018700222
2069	2018733555
2070	2018766855
2071	2018800188
2072	2018833522
2073	2018866866
2074	2018900188
2075	2018933522
2076	2018966866
2077	2019000200
2078	2019033522
2079	2019066866
2080	2019100188
2081	2019133533
2082	2019166855
2083	2019200188
2084	2019233522
2085	2019266866
2086	2019300200
2087	2019333533
2088	2019366855
2089	2019400200
2090	2019433533
2091	2019466866
2092	2019500200
2093	2019533533
2094	2019566855
2095	2019600200
2096	2019633522
2097	2019666855
2098	2019700188
2099	2019733533
2100	2019766866
2101	2019800200
2102	2019833522
2103	2019866866
2104	2019900200
2105	2019933533
2106	2019966855
2107	2020000200
2108	2020033522
2109	2020066855
2110	2020100188
2111	2020133533
2112	2020166855
2113	2020200188
2114	2020233522
2115	2020266866
2116	2020300200
2117	2020333533
2118	2020366855
2119	2020400200
2120	2020433533
2121	2020466866
2122	2020500188
2123	2020533533
2124	2020566855
2125	2020600200
2126	2020633533
2127	2020666866
2128	2020700200
2129	2020733544
2130	2020766855
2131	2020800200
2132	2020833522
2133	2020866866
2134	2020900211
2135	2020933544
2136	2020966877
2137	2021000222
2138	2021033555
2139	2021066855
2140	2021100200
2141	2021133522
2142	2021166855
2143	2021200188
2144	2021233533
2145	2021266855
2146	2021300200
2147	2021333533
2148	2021366877
2149	2021400200
2150	2021433533
2151	2021466855
2152	2021500188
2153	2021533522
2154	2021566866
2155	2021600200
2156	2021633533
2157	2021666855
2158	2021700200
2159	2021733522
2160	2021766855
2161	2021800188
2162	2021833533
2163	2021866855
2164	2021900200
2165	2021933522
2166	2021966855
2167	2022000188
2168	2022033533
2169	2022066855
2170	2022100188
2171	2022133522
2172	2022166866
2173	2022200188
2174	2022233533
2175	2022266866
2176	2022300211
2177	2022333522
2178	2022366866
2179	2022400188
2180	2022433533
2181	2022466855
2182	2022500200
2183	2022533533
2184	2022566866
2185	2022600200
2186	2022633544
2187	2022666866
2188	2022700200
2189	2022733522
2190	2022766866
2191	2022800200
2192	2022833533
2193	2022866877
2194	2022900211
2195	2022933544
2196	2022966888
2197	2023000222
2198	2023033522
2199	2023066855
2200	2023100200
2201	2023133533
2202	2023166855
2203	2023200200
2204	2023233522
2205	2023266866
2206	2023300188
2207	2023333533
2208	2023366855
2209	2023400200
2210	2023433522
2211	2023466866
2212	2023500200
2213	2023533544
2214	2023566855
2215	2023600188
2216	2023633522
2217	2023666855
2218	2023700188
2219	2023733522
2220	2023766866
2221	2023800200
2222	2023833522
2223	2023866866
2224	2023900188
2225	2023933533
2226	2023966855
2227	2024000188
2228	2024033522
2229	2024066866
2230	2024100200
2231	2024133544
2232	2024166855
2233	2024200200
2234	2024233522
2235	2024266866
2236	2024300188
2237	2024333533
2238	2024366866
2239	2024400211
2240	2024433533
2241	2024466866
2242	2024500188
2243	2024533533
2244	2024566866
2245	2024600200
2246	2024633533
2247	2024666877
2248	2024700200
2249	2024733544
2250	2024766855
2251	2024800188
2252	2024833522
2253	2024866855
2254	2024900200
2255	2024933533
2256	2024966855
2257	2025000200
2258	2025033522
2259	2025066866
2260	2025100211
2261	2025133544
2262	2025166877
2263	2025200222
2264	2025233555
2265	2025266866
2266	2025300200
2267	2025333522
2268	2025366855
2269	2025400188
2270	2025433522
2271	2025466866
2272	2025500200
2273	2025533522
2274	2025566866
2275	2025600200
2276	2025633533
2277	2025666855
2278	2025700200
2279	2025733533
2280	2025766866
2281	2025800188
2282	2025833533
2283	2025866866
2284	2025900200
2285	2025933533
2286	2025966877
2287	2026000200
2288	2026033544
2289	2026066855
2290	2026100188
2291	2026133522
2292	2026166855
2293	2026200200
2294	2026233533
2295	2026266855
2296	2026300200
2297	2026333522
2298	2026366855
2299	2026400188
2300	2026433522
2301	2026466866
2302	2026500200
2303	2026533522
2304	2026566855
2305	2026600188
2306	2026633522
2307	2026666866
2308	2026700200
2309	2026733522
2310	2026766866
2311	2026800200
2312	2026833533
2313	2026866855
2314	2026900200
2315	2026933533
2316	2026966866
2317	2027000188
2318	2027033533
2319	2027066866
2320	2027100200
2321	2027133533
2322	2027166877
2323	2027200200
2324	2027233544
2325	2027266866
2326	2027300200
2327	2027333522
2328	2027366855
2329	2027400200
2330	2027433533
2331	2027466855
2332	2027500200
2333	2027533522
2334	2027566866
2335	2027600200
2336	2027633544
2337	2027666866
2338	2027700211
2339	2027733533
2340	2027766866
2341	2027800200
2342	2027833544
2343	2027866866
2344	2027900200
2345	2027933522
2346	2027966855
2347	2028000200
2348	2028033533
2349	2028066855
2350	2028100200
2351	2028133533
2352	2028166877
2353	2028200188
2354	2028233533
2355	2028266855
2356	2028300200
2357	2028333522
2358	2028366855
2359	2028400188
2360	2028433522
2361	2028466866
2362	2028500200
2363	2028533522
2364	2028566855
2365	2028600188
2366	2028633533
2367	2028666866
2368	2028700200
2369	2028733533
2370	2028766866
2371	2028800188
2372	2028833533
2373	2028866855
2374	2028900200
2375	2028933522
2376	2028966855
2377	2029000188
2378	2029033533
2379	2029066855
2380	2029100200
2381	2029133533
2382	2029166866
2383	2029200188
2384	2029233522
2385	2029266866
2386	2029300200
2387	2029333533
2388	2029366877
2389	2029400200
2390	2029433544
2391	2029466855
2392	2029500200
2393	2029533533
2394	2029566877
2395	2029600188
2396	2029633533
2397	2029666855
2398	2029700200
2399	2029733533
2400	2029766866
2401	2029800188
2402	2029833533
2403	2029866855
2404	2029900200
2405	2029933544
2406	2029966877
2407	2030000211
2408	2030033555
2409	2030066888
2410	2030100188
2411	2030133533
2412	2030166855
2413	2030200188
2414	2030233533
2415	2030266866
2416	2030300188
2417	2030333522
2418	2030366855
2419	2030400188
2420	2030433533
2421	2030466866
2422	2030500188
2423	2030533533
2424	2030566866
2425	2030600200
2426	2030633522
2427	2030666866
2428	2030700188
2429	2030733533
2430	2030766855
2431	2030800188
2432	2030833533
2433	2030866866
2434	2030900188
2435	2030933522
2436	2030966855
2437	2031000200
2438	2031033522
2439	2031066855
2440	2031100188
2441	2031133533
2442	2031166866
2443	2031200211
2444	2031233522
2445	2031266855
2446	2031300188
2447	2031333522
2448	2031366866
2449	2031400200
2450	2031433522
2451	2031466866
2452	2031500200
2453	2031533533
2454	2031566855
2455	2031600200
2456	2031633533
2457	2031666866
2458	2031700200
2459	2031733533
2460	2031766855
2461	2031800200
2462	2031833533
2463	2031866866
2464	2031900200
2465	2031933544
2466	2031966866
2467	2032000211
2468	2032033533
2469	2032066866
2470	2032100188
2471	2032133522
2472	2032166866
2473	2032200200
2474	2032233522
2475	2032266866
2476	2032300188
2477	2032333533
2478	2032366855
2479	2032400200
2480	2032433522
2481	2032466866
2482	2032500188
2483	2032533533
2484	2032566855
2485	2032600200
2486	2032633522
2487	2032666866
2488	2032700200
2489	2032733544
2490	2032766866
2491	2032800200
2492	2032833522
2493	2032866866
2494	2032900200
2495	2032933533
2496	2032966877
2497	2033000211
2498	2033033544
2499	2033066888
2500	2033100222
2501	2033133533
2502	2033166866
2503	2033200188
2504	2033233533
2505	2033266866
2506	2033300200
2507	2033333522
2508	2033366866
2509	2033400200
2510	2033433533
2511	2033466866
2512	2033500200
2513	2033533533
2514	2033566866
2515	2033600200
2516	2033633533
2517	2033666877
2518	2033700211
2519	2033733544
2520	2033766888
2521	2033800222
2522	2033833522
2523	2033866866
2524	2033900188
2525	2033933533
2526	2033966866
2527	2034000211
2528	2034033522
2529	2034066855
2530	2034100200
2531	2034133533
2532	2034166855
2533	2034200200
2534	2034233533
2535	2034266866
2536	2034300188
2537	2034333533
2538	2034366855
2539	2034400200
2540	2034433522
2541	2034466866
2542	2034500200
2543	2034533533
2544	2034566855
2545	2034600200
2546	2034633522
2547	2034666866
2548	2034700188
2549	2034733533
2550	2034766855
2551	2034800200
2552	2034833544
2553	2034866877
2554	2034900211
2555	2034933555
2556	2034966888
2557	2035000188
2558	2035033533
2559	2035066855
2560	2035100188
2561	2035133522
2562	2035166855
2563	2035200200
2564	2035233533
2565	2035266866
2566	2035300211
2567	2035333533
2568	2035366877
2569	2035400188
2570	2035433533
2571	2035466877
2572	2035500211
2573	2035533544
2574	2035566888
2575	2035600222
2576	2035633522
2577	2035666866
2578	2035700200
2579	2035733533
2580	2035766855
2581	2035800200
2582	2035833522
2583	2035866866
2584	2035900188
2585	2035933533
2586	2035966855
2587	2036000188
2588	2036033533
2589	2036066866
2590	2036100200
2591	2036133544
2592	2036166855
2593	2036200200
2594	2036233533
2595	2036266866
2596	2036300188
2597	2036333533
2598	2036366855
2599	2036400200
2600	2036433522
2601	2036466855
2602	2036500188
2603	2036533533
2604	2036566866
2605	2036600200
2606	2036633522
2607	2036666866
2608	2036700188
2609	2036733533
2610	2036766855
2611	2036800200
2612	2036833533
2613	2036866877
2614	2036900200
2615	2036933544
2616	2036966855
2617	2037000200
2618	2037033533
2619	2037066866
2620	2037100188
2621	2037133533
2622	2037166855
2623	2037200200
2624	2037233522
2625	2037266866
2626	2037300200
2627	2037333533
2628	2037366866
2629	2037400200
2630	2037433522
2631	2037466866
2632	2037500200
2633	2037533533
2634	2037566866
2635	2037600200
2636	2037633533
2637	2037666866
2638	2037700200
2639	2037733544
2640	2037766855
2641	2037800200
2642	2037833533
2643	2037866866
2644	2037900188
2645	2037933533
2646	2037966855
2647	2038000200
2648	2038033533
2649	2038066877
2650	2038100188
2651	2038133533
2652	2038166855
2653	2038200200
2654	2038233533
2655	2038266866
2656	2038300200
2657	2038333544
2658	2038366855
2659	2038400188
2660	2038433522
2661	2038466866
2662	2038500188
2663	2038533522
2664	2038566855
2665	2038600200
2666	2038633522
2667	2038666866
2668	2038700200
2669	2038733533
2670	2038766866
2671	2038800200
2672	2038833522
2673	2038866855
2674	2038900188
2675	2038933533
2676	2038966855
2677	2039000200
2678	2039033522
2679	2039066866
2680	2039100211
2681	2039133544
2682	2039166877
2683	2039200222
2684	2039233555
2685	2039266855
2686	2039300200
2687	2039333522
2688	2039366855
2689	2039400188
2690	2039433533
2691	2039466855
2692	2039500188
2693	2039533522
2694	2039566866
2695	2039600200
2696	2039633533
2697	2039666855
2698	2039700200
2699	2039733533
2700	2039766866
2701	2039800188
2702	2039833533
2703	2039866855
2704	2039900200
2705	2039933533
2706	2039966877
2707	2040000200
2708	2040033544
2709	2040066855
2710	2040100200
2711	2040133522
2712	2040166866
2713	2040200188
2714	2040233533
2715	2040266866
2716	2040300211
2717	2040333522
2718	2040366866
2719	2040400188
2720	2040433522
2721	2040466855
2722	2040500200
2723	2040533522
2724	2040566866
2725	2040600188
2726	2040633533
2727	2040666866
2728	2040700200
2729	2040733522
2730	2040766855
2731	2040800200
2732	2040833533
2733	2040866866
2734	2040900211
2735	2040933522
2736	2040966866
2737	2041000200
2738	2041033533
2739	2041066855
2740	2041100200
2741	2041133522
2742	2041166855
2743	2041200188
2744	2041233533
2745	2041266866
2746	2041300200
2747	2041333522
2748	2041366866
2749	2041400200
2750	2041433533
2751	2041466866
2752	2041500200
2753	2041533522
2754	2041566866
2755	2041600200
2756	2041633533
2757	2041666855
2758	2041700200
2759	2041733533
2760	2041766866
2761	2041800188
2762	2041833522
2763	2041866855
2764	2041900200
2765	2041933533
2766	2041966866
2767	2042000188
2768	2042033533
2769	2042066855
2770	2042100188
2771	2042133522
2772	2042166866
2773	2042200188
2774	2042233533
2775	2042266866
2776	2042300200
2777	2042333522
2778	2042366855
2779	2042400200
2780	2042433533
2781	2042466866
2782	2042500200
2783	2042533533
2784	2042566866
2785	2042600188
2786	2042633533
2787	2042666866
2788	2042700200
2789	2042733522
2790	2042766866
2791	2042800188
2792	2042833522
2793	2042866855
2794	2042900200
2795	2042933522
2796	2042966866
2797	2043000200
2798	2043033533
2799	2043066866
2800	2043100211
2801	2043133533
2802	2043166877
2803	2043200188
2804	2043233533
2805	2043266855
2806	2043300200
2807	2043333522
2808	2043366866
2809	2043400188
2810	2043433522
2811	2043466866
2812	2043500200
2813	2043533522
2814	2043566866
2815	2043600188
2816	2043633533
2817	2043666855
2818	2043700200
2819	2043733533
2820	2043766866
2821	2043800211
2822	2043833544
2823	2043866877
2824	2043900222
2825	2043933555
2826	2043966855
2827	2044000200
2828	2044033522
2829	2044066866
2830	2044100188
2831	2044133533
2832	2044166866
2833	2044200200
2834	2044233522
2835	2044266866
2836	2044300200
2837	2044333544
2838	2044366855
2839	2044400200
2840	2044433544
2841	2044466877
2842	2044500211
2843	2044533555
2844	2044566888
2845	2044600188
2846	2044633533
2847	2044666855
2848	2044700200
2849	2044733533
2850	2044766866
2851	2044800188
2852	2044833522
2853	2044866855
2854	2044900200
2855	2044933522
2856	2044966855
2857	2045000188
2858	2045033533
2859	2045066855
2860	2045100188
2861	2045133533
2862	2045166866
2863	2045200188
2864	2045233522
2865	2045266866
2866	2045300200
2867	2045333522
2868	2045366866
2869	2045400188
2870	2045433533
2871	2045466855
2872	2045500200
2873	2045533522
2874	2045566855
2875	2045600200
2876	2045633533
2877	2045666855
2878	2045700200
2879	2045733522
2880	2045766855
2881	2045800188
2882	2045833522
2883	2045866866
2884	2045900200
2885	2045933533
2886	2045966877
2887	2046000188
2888	2046033533
2889	2046066855
2890	2046100188
2891	2046133522
2892	2046166866
2893	2046200188
2894	2046233522
2895	2046266855
2896	2046300188
2897	2046333533
2898	2046366866
2899	2046400188
2900	2046433533
2901	2046466866
2902	2046500200
2903	2046533522
2904	2046566855
2905	2046600188
2906	2046633522
2907	2046666866
2908	2046700200
2909	2046733522
2910	2046766866
2911	2046800200
2912	2046833533
2913	2046866855
2914	2046900188
2915	2046933522
2916	2046966855
2917	2047000200
2918	2047033533
2919	2047066866
2920	2047100200
2921	2047133533
2922	2047166866
2923	2047200188
2924	2047233533
2925	2047266855
2926	2047300188
2927	2047333522
2928	2047366866
2929	2047400188
2930	2047433533
2931	2047466855
2932	2047500188
2933	2047533522
2934	2047566866
2935	2047600200
2936	2047633533
2937	2047666855
2938	2047700200
2939	2047733522
2940	2047766855
2941	2047800188
2942	2047833533
2943	2047866855
2944	2047900188
2945	2047933533
2946	2047966866
2947	2048000188
2948	2048033533
2949	2048066855
2950	2048100200
2951	2048133522
2952	2048166866
2953	2048200200
2954	2048233533
2955	2048266855
2956	2048300200
2957	2048333533
2958	2048366866
2959	2048400188
2960	2048433533
2961	2048466855
2962	2048500188
2963	2048533533
2964	2048566866
2965	2048600188
2966	2048633522
2967	2048666855
2968	2048700188
2969	2048733533
2970	2048766866
2971	2048800188
2972	2048833522
2973	2048866866
2974	2048900200
2975	2048933522
2976	2048966866
2977	2049000188
2978	2049033522
2979	2049066855
2980	2049100200
2981	2049133533
2982	2049166866
2983	2049200188
2984	2049233533
2985	2049266855
2986	2049300200
2987	2049333544
2988	2049366877
2989	2049400211
2990	2049433555
2991	2049466888
2992	2049500188
2993	2049533533
2994	2049566855
2995	2049600200
2996	2049633522
2997	2049666855
2998	2049700188
2999	2049733533
3000	2049766855
3001	2049800200
3002	2049833522
3003	2049866855
3004	2049900188
3005	2049933533
3006	2049966855
3007	2050000200
3008	2050033522
3009	2050066866
3010	2050100188
3011	2050133533
3012	2050166866
3013	2050200200
3014	2050233522
3015	2050266855
3016	2050300200
3017	2050333533
3018	2050366855
3019	2050400200
3020	2050433533
3021	2050466866
3022	2050500188
3023	2050533533
3024	2050566866
3025	2050600200
3026	2050633544
3027	2050666877
3028	2050700211
3029	2050733555
3030	2050766888
3031	2050800188
3032	2050833533
3033	2050866866
3034	2050900200
3035	2050933522
3036	2050966866
3037	2051000188
3038	2051033522
3039	2051066855
3040	2051100188
3041	2051133533
3042	2051166866
3043	2051200200
3044	2051233533
3045	2051266855
3046	2051300188
3047	2051333522
3048	2051366866
3049	2051400188
3050	2051433533
3051	2051466866
3052	2051500200
3053	2051533522
3054	2051566866
3055	2051600188
3056	2051633533
3057	2051666866
3058	2051700211
3059	2051733522
3060	2051766866
3061	2051800200
3062	2051833544
3063	2051866855
3064	2051900200
3065	2051933533
3066	2051966866
3067	2052000200
3068	2052033544
3069	2052066866
3070	2052100200
3071	2052133522
3072	2052166866
3073	2052200188
3074	2052233533
3075	2052266866
3076	2052300211
3077	2052333522
3078	2052366855
3079	2052400200
3080	2052433533
3081	2052466855
3082	2052500200
3083	2052533522
3084	2052566866
3085	2052600200
3086	2052633533
3087	2052666855
3088	2052700200
3089	2052733522
3090	2052766855
3091	2052800188
3092	2052833533
3093	2052866855
3094	2052900200
3095	2052933522
3096	2052966855
3097	2053000188
3098	2053033533
3099	2053066855
3100	2053100188
3101	2053133522
3102	2053166855
3103	2053200188
3104	2053233533
3105	2053266855
3106	2053300200
3107	2053333522
3108	2053366866
3109	2053400200
3110	2053433533
3111	2053466855
3112	2053500200
3113	2053533522
3114	2053566866
3115	2053600200
3116	2053633544
3117	2053666855
3118	2053700188
3119	2053733522
3120	2053766866
3121	2053800188
3122	2053833522
3123	2053866866
3124	2053900200
3125	2053933522
3126	2053966866
3127	2054000188
3128	2054033533
3129	2054066855
3130	2054100200
3131	2054133522
3132	2054166855
3133	2054200188
3134	2054233533
3135	2054266855
3136	2054300200
3137	2054333544
3138	2054366877
3139	2054400211
3140	2054433555
3141	2054466888
3142	2054500200
3143	2054533533
3144	2054566866
3145	2054600211
3146	2054633533
3147	2054666877
3148	2054700188
3149	2054733533
3150	2054766866
3151	2054800211
3152	2054833533
3153	2054866877
3154	2054900188
3155	2054933533
3156	2054966855
3157	2055000200
3158	2055033533
3159	2055066866
3160	2055100188
3161	2055133533
3162	2055166855
3163	2055200200
3164	2055233522
3165	2055266866
3166	2055300188
3167	2055333522
3168	2055366855
3169	2055400200
3170	2055433533
3171	2055466877
3172	2055500200
3173	2055533533
3174	2055566855
3175	2055600188
3176	2055633533
3177	2055666866
3178	2055700200
3179	2055733544
3180	2055766866
3181	2055800200
3182	2055833522
3183	2055866866
3184	2055900188
3185	2055933522
3186	2055966855
3187	2056000200
3188	2056033533
3189	2056066866
3190	2056100200
3191	2056133544
3192	2056166855
3193	2056200188
3194	2056233533
3195	2056266866
3196	2056300188
3197	2056333533
3198	2056366855
3199	2056400200
3200	2056433522
3201	2056466866
