0	1949300188
1	1949333522
2	1949366855
3	1949400200
4	1949433522
5	1949466866
6	1949500188
7	1949533533
8	1949566855
9	1949600188
10	1949633522
11	1949666866
12	1949700200
13	1949733544
14	1949766866
15	1949800200
16	1949833522
17	1949866866
18	1949900188
19	1949933533
20	1949966855
21	1950000200
22	1950033522
23	1950066855
24	1950100188
25	1950133533
26	1950166855
27	1950200200
28	1950233522
29	1950266855
30	1950300188
31	1950333522
32	1950366866
33	1950400200
34	1950433533
35	1950466877
36	1950500211
37	1950533544
38	1950566877
39	1950600222
40	1950633555
41	1950666855
42	1950700188
43	1950733522
44	1950766866
45	1950800188
46	1950833533
47	1950866866
48	1950900200
49	1950933522
50	1950966855
51	1951000200
52	1951033533
53	1951066855
54	1951100200
55	1951133522
56	1951166866
57	1951200188
58	1951233533
59	1951266866
60	1951300200
61	1951333544
62	1951366877
63	1951400211
64	1951433555
65	1951466888
66	1951500188
67	1951533522
68	1951566855
69	1951600200
70	1951633522
71	1951666855
72	1951700200
73	1951733533
74	1951766866
75	1951800211
76	1951833533
77	1951866877
78	1951900188
79	1951933533
80	1951966855
81	1952000200
82	1952033522
83	1952066855
84	1952100188
85	1952133533
86	1952166855
87	1952200188
88	1952233533
89	1952266866
90	1952300188
91	1952333533
92	1952366855
93	1952400200
94	1952433522
95	1952466866
96	1952500188
97	1952533522
98	1952566866
99	1952600200
100	1952633533
101	1952666866
102	1952700200
103	1952733544
104	1952766855
105	1952800200
106	1952833522
107	1952866866
108	1952900188
109	1952933533
110	1952966866
111	1953000211
112	1953033533
113	1953066866
114	1953100200
115	1953133533
116	1953166855
117	1953200200
118	1953233533
119	1953266866
120	1953300188
121	1953333533
122	1953366855
123	1953400200
124	1953433533
125	1953466877
126	1953500211
127	1953533544
128	1953566877
129	1953600222
130	1953633555
131	1953666855
132	1953700200
133	1953733533
134	1953766866
135	1953800188
136	1953833533
137	1953866855
138	1953900200
139	1953933522
140	1953966866
141	1954000200
142	1954033544
143	1954066866
144	1954100200
145	1954133533
146	1954166877
147	1954200188
148	1954233522
149	1954266866
150	1954300200
151	1954333522
152	1954366866
153	1954400200
154	1954433533
155	1954466855
156	1954500200
157	1954533533
158	1954566866
159	1954600188
160	1954633533
161	1954666855
162	1954700200
163	1954733522
164	1954766855
165	1954800188
166	1954833533
167	1954866866
168	1954900200
169	1954933522
170	1954966866
171	1955000188
172	1955033533
173	1955066866
174	1955100200
175	1955133533
176	1955166877
177	1955200188
178	1955233533
179	1955266866
180	1955300211
181	1955333533
182	1955366877
183	1955400200
184	1955433533
185	1955466866
186	1955500211
187	1955533533
188	1955566877
189	1955600188
190	1955633533
191	1955666866
192	1955700211
193	1955733533
194	1955766866
195	1955800188
196	1955833533
197	1955866866
198	1955900200
199	1955933533
200	1955966866
201	1956000188
202	1956033522
203	1956066855
204	1956100200
205	1956133522
206	1956166866
207	1956200200
208	1956233544
209	1956266855
210	1956300188
211	1956333522
212	1956366866
213	1956400200
214	1956433533
215	1956466866
216	1956500211
217	1956533522
218	1956566855
219	1956600188
220	1956633533
221	1956666866
222	1956700200
223	1956733533
224	1956766866
225	1956800188
226	1956833533
227	1956866866
228	1956900200
229	1956933544
230	1956966877
231	1957000211
232	1957033555
233	1957066888
234	1957100200
235	1957133533
236	1957166855
237	1957200200
238	1957233522
239	1957266866
240	1957300188
241	1957333533
242	1957366866
243	1957400200
244	1957433522
245	1957466866
246	1957500188
247	1957533533
248	1957566855
249	1957600200
250	1957633522
251	1957666866
252	1957700188
253	1957733522
254	1957766866
255	1957800200
256	1957833533
257	1957866866
258	1957900200
259	1957933533
260	1957966855
261	1958000200
262	1958033522
263	1958066855
264	1958100188
265	1958133533
266	1958166855
267	1958200200
268	1958233533
269	1958266866
270	1958300211
271	1958333544
272	1958366877
273	1958400222
274	1958433555
275	1958466866
276	1958500200
277	1958533533
278	1958566877
279	1958600188
280	1958633533
281	1958666855
282	1958700200
283	1958733522
284	1958766866
285	1958800200
286	1958833533
287	1958866855
288	1958900200
289	1958933522
290	1958966866
291	1959000188
292	1959033522
293	1959066855
294	1959100188
295	1959133533
296	1959166866
297	1959200188
298	1959233522
299	1959266866
300	1959300200
301	1959333522
302	1959366866
303	1959400188
304	1959433522
305	1959466855
306	1959500200
307	1959533533
308	1959566866
309	1959600188
310	1959633533
311	1959666866
312	1959700200
313	1959733522
314	1959766866
315	1959800188
316	1959833533
317	1959866855
318	1959900200
319	1959933533
320	1959966877
321	1960000200
322	1960033544
323	1960066866
324	1960100200
325	1960133522
326	1960166866
327	1960200188
328	1960233522
329	1960266855
330	1960300200
331	1960333522
332	1960366866
333	1960400188
334	1960433522
335	1960466855
336	1960500200
337	1960533522
338	1960566866
339	1960600211
340	1960633544
341	1960666877
342	1960700222
343	1960733555
344	1960766855
345	1960800188
346	1960833522
347	1960866866
348	1960900211
349	1960933544
350	1960966877
351	1961000222
352	1961033555
353	1961066855
354	1961100200
355	1961133522
356	1961166855
357	1961200188
358	1961233533
359	1961266855
360	1961300200
361	1961333522
362	1961366855
363	1961400188
364	1961433533
365	1961466855
366	1961500200
367	1961533533
368	1961566877
369	1961600200
370	1961633533
371	1961666855
372	1961700188
373	1961733522
374	1961766866
375	1961800188
376	1961833533
377	1961866855
378	1961900200
379	1961933522
380	1961966866
381	1962000188
382	1962033533
383	1962066877
384	1962100211
385	1962133544
386	1962166888
387	1962200222
388	1962233533
389	1962266866
390	1962300200
391	1962333544
392	1962366855
393	1962400200
394	1962433533
395	1962466866
396	1962500188
397	1962533533
398	1962566866
399	1962600211
400	1962633533
401	1962666866
402	1962700200
403	1962733533
404	1962766866
405	1962800200
406	1962833522
407	1962866866
408	1962900188
409	1962933522
410	1962966866
411	1963000200
412	1963033522
413	1963066866
414	1963100200
415	1963133533
416	1963166866
417	1963200200
418	1963233522
419	1963266855
420	1963300200
421	1963333533
422	1963366855
423	1963400200
424	1963433533
425	1963466866
426	1963500200
427	1963533544
428	1963566866
429	1963600211
430	1963633533
431	1963666866
432	1963700200
433	1963733533
434	1963766855
435	1963800188
436	1963833533
437	1963866866
438	1963900200
439	1963933544
440	1963966855
441	1964000188
442	1964033533
443	1964066866
444	1964100188
445	1964133533
446	1964166855
447	1964200188
448	1964233522
449	1964266866
450	1964300200
451	1964333533
452	1964366855
453	1964400188
454	1964433522
455	1964466866
456	1964500188
457	1964533533
458	1964566855
459	1964600200
460	1964633522
461	1964666855
462	1964700200
463	1964733533
464	1964766855
465	1964800200
466	1964833533
467	1964866866
468	1964900188
469	1964933533
470	1964966855
471	1965000188
472	1965033533
473	1965066866
474	1965100188
475	1965133522
476	1965166866
477	1965200211
478	1965233522
479	1965266866
480	1965300200
481	1965333533
482	1965366866
483	1965400200
484	1965433522
485	1965466866
486	1965500200
487	1965533533
488	1965566855
489	1965600200
490	1965633533
491	1965666866
492	1965700188
493	1965733522
494	1965766855
495	1965800200
496	1965833533
497	1965866877
498	1965900188
499	1965933533
500	1965966855
501	1966000200
502	1966033533
503	1966066866
504	1966100188
505	1966133533
506	1966166855
507	1966200188
508	1966233533
509	1966266866
510	1966300188
511	1966333533
512	1966366866
513	1966400200
514	1966433533
515	1966466866
516	1966500188
517	1966533533
518	1966566855
519	1966600200
520	1966633522
521	1966666866
522	1966700200
523	1966733533
524	1966766855
525	1966800188
526	1966833533
527	1966866866
528	1966900188
529	1966933533
530	1966966855
531	1967000188
532	1967033533
533	1967066866
534	1967100188
535	1967133533
536	1967166866
537	1967200200
538	1967233522
539	1967266855
540	1967300188
541	1967333522
542	1967366866
543	1967400200
544	1967433522
545	1967466866
546	1967500188
547	1967533522
548	1967566866
549	1967600200
550	1967633522
551	1967666866
552	1967700188
553	1967733533
554	1967766855
555	1967800200
556	1967833533
557	1967866866
558	1967900200
559	1967933533
560	1967966866
561	1968000200
562	1968033522
563	1968066855
564	1968100188
565	1968133533
566	1968166855
567	1968200188
568	1968233522
569	1968266866
570	1968300188
571	1968333522
572	1968366866
573	1968400200
574	1968433522
575	1968466866
576	1968500188
577	1968533533
578	1968566866
579	1968600200
580	1968633522
581	1968666866
582	1968700200
583	1968733533
584	1968766855
585	1968800188
586	1968833522
587	1968866866
588	1968900200
589	1968933533
590	1968966866
591	1969000211
592	1969033533
593	1969066866
594	1969100200
595	1969133544
596	1969166866
597	1969200211
598	1969233522
599	1969266855
600	1969300188
601	1969333533
602	1969366877
603	1969400211
604	1969433544
605	1969466888
606	1969500222
607	1969533522
608	1969566855
609	1969600188
610	1969633533
611	1969666855
612	1969700188
613	1969733533
614	1969766866
615	1969800188
616	1969833533
617	1969866866
618	1969900200
619	1969933544
620	1969966877
621	1970000211
622	1970033555
623	1970066888
624	1970100188
625	1970133533
626	1970166866
627	1970200200
628	1970233522
629	1970266866
630	1970300188
631	1970333533
632	1970366866
633	1970400211
634	1970433522
635	1970466866
636	1970500188
637	1970533533
638	1970566866
639	1970600200
640	1970633533
641	1970666877
642	1970700188
643	1970733533
644	1970766866
645	1970800200
646	1970833522
647	1970866866
648	1970900188
649	1970933522
650	1970966855
651	1971000200
652	1971033533
653	1971066866
654	1971100200
655	1971133533
656	1971166855
657	1971200188
658	1971233522
659	1971266866
660	1971300188
661	1971333522
662	1971366855
663	1971400200
664	1971433522
665	1971466866
666	1971500188
667	1971533533
668	1971566855
669	1971600188
670	1971633533
671	1971666866
672	1971700188
673	1971733533
674	1971766866
675	1971800200
676	1971833533
677	1971866877
678	1971900200
679	1971933544
680	1971966855
681	1972000188
682	1972033522
683	1972066866
684	1972100188
685	1972133533
686	1972166855
687	1972200188
688	1972233522
689	1972266855
690	1972300200
691	1972333533
692	1972366855
693	1972400200
694	1972433533
695	1972466877
696	1972500200
697	1972533533
698	1972566866
699	1972600200
700	1972633522
701	1972666866
702	1972700200
703	1972733533
704	1972766866
705	1972800200
706	1972833522
707	1972866855
708	1972900188
709	1972933533
710	1972966866
711	1973000200
712	1973033544
713	1973066877
714	1973100211
715	1973133555
716	1973166888
717	1973200188
718	1973233533
719	1973266866
720	1973300211
721	1973333533
722	1973366866
723	1973400200
724	1973433544
725	1973466855
726	1973500188
727	1973533522
728	1973566866
729	1973600188
730	1973633533
731	1973666866
732	1973700200
733	1973733522
734	1973766866
735	1973800200
736	1973833533
737	1973866866
738	1973900211
739	1973933533
740	1973966877
741	1974000188
742	1974033522
743	1974066855
744	1974100200
745	1974133533
746	1974166877
747	1974200200
748	1974233544
749	1974266855
750	1974300188
751	1974333533
752	1974366866
753	1974400200
754	1974433533
755	1974466866
756	1974500200
757	1974533522
758	1974566866
759	1974600188
760	1974633522
761	1974666866
762	1974700200
763	1974733522
764	1974766866
765	1974800200
766	1974833533
767	1974866866
768	1974900200
769	1974933522
770	1974966866
771	1975000188
772	1975033522
773	1975066866
774	1975100200
775	1975133522
776	1975166866
777	1975200188
778	1975233533
779	1975266866
780	1975300211
781	1975333533
782	1975366866
783	1975400200
784	1975433533
785	1975466855
786	1975500188
787	1975533522
788	1975566866
789	1975600188
790	1975633533
791	1975666855
792	1975700200
793	1975733544
794	1975766877
795	1975800211
796	1975833555
797	1975866888
798	1975900188
799	1975933533
800	1975966855
801	1976000188
802	1976033533
803	1976066866
804	1976100188
805	1976133533
806	1976166855
807	1976200200
808	1976233522
809	1976266866
810	1976300188
811	1976333522
812	1976366866
813	1976400200
814	1976433533
815	1976466866
816	1976500200
817	1976533533
818	1976566855
819	1976600200
820	1976633522
821	1976666866
822	1976700188
823	1976733533
824	1976766855
825	1976800188
826	1976833533
827	1976866866
828	1976900188
829	1976933533
830	1976966866
831	1977000200
832	1977033522
833	1977066866
834	1977100200
835	1977133533
836	1977166855
837	1977200200
838	1977233533
839	1977266877
840	1977300188
841	1977333533
842	1977366866
843	1977400211
844	1977433522
845	1977466866
846	1977500188
847	1977533522
848	1977566855
849	1977600200
850	1977633522
851	1977666855
852	1977700200
853	1977733533
854	1977766855
855	1977800200
856	1977833522
857	1977866855
858	1977900188
859	1977933533
860	1977966866
861	1978000200
862	1978033522
863	1978066855
864	1978100188
865	1978133533
866	1978166866
867	1978200200
868	1978233533
869	1978266877
870	1978300200
871	1978333544
872	1978366866
873	1978400200
874	1978433522
875	1978466866
876	1978500200
877	1978533533
878	1978566855
879	1978600200
880	1978633533
881	1978666866
882	1978700200
883	1978733544
884	1978766866
885	1978800211
886	1978833533
887	1978866877
888	1978900200
889	1978933533
890	1978966866
891	1979000211
892	1979033533
893	1979066866
894	1979100188
895	1979133533
896	1979166866
897	1979200200
898	1979233522
899	1979266855
900	1979300188
901	1979333533
902	1979366855
903	1979400200
904	1979433533
905	1979466866
906	1979500200
907	1979533533
908	1979566855
909	1979600200
910	1979633522
911	1979666866
912	1979700200
913	1979733533
914	1979766855
915	1979800200
916	1979833533
917	1979866877
918	1979900188
919	1979933522
920	1979966866
921	1980000200
922	1980033522
923	1980066866
924	1980100188
925	1980133522
926	1980166855
927	1980200200
928	1980233522
929	1980266866
930	1980300200
931	1980333544
932	1980366855
933	1980400200
934	1980433522
935	1980466866
936	1980500200
937	1980533533
938	1980566855
939	1980600200
940	1980633522
941	1980666855
942	1980700188
943	1980733533
944	1980766855
945	1980800188
946	1980833522
947	1980866866
948	1980900188
949	1980933533
950	1980966855
951	1981000188
952	1981033522
953	1981066866
954	1981100200
955	1981133544
956	1981166855
957	1981200188
958	1981233522
959	1981266855
960	1981300200
961	1981333533
962	1981366855
963	1981400200
964	1981433533
965	1981466877
966	1981500200
967	1981533533
968	1981566855
969	1981600200
970	1981633533
971	1981666866
972	1981700188
973	1981733533
974	1981766866
975	1981800200
976	1981833522
977	1981866866
978	1981900200
979	1981933533
980	1981966855
981	1982000188
982	1982033533
983	1982066866
984	1982100188
985	1982133533
986	1982166855
987	1982200188
988	1982233522
989	1982266866
990	1982300188
991	1982333522
992	1982366855
993	1982400200
994	1982433522
995	1982466855
996	1982500200
997	1982533533
998	1982566855
999	1982600200
1000	1982633533
1001	1982666866
1002	1982700188
1003	1982733522
1004	1982766855
1005	1982800200
1006	1982833533
1007	1982866866
1008	1982900188
1009	1982933533
1010	1982966855
1011	1983000188
1012	1983033533
1013	1983066866
1014	1983100188
1015	1983133533
1016	1983166866
1017	1983200200
1018	1983233533
1019	1983266866
1020	1983300200
1021	1983333533
1022	1983366855
1023	1983400200
1024	1983433533
1025	1983466866
1026	1983500188
1027	1983533522
1028	1983566855
1029	1983600200
1030	1983633533
1031	1983666877
1032	1983700188
1033	1983733533
1034	1983766855
1035	1983800200
1036	1983833522
1037	1983866866
1038	1983900188
1039	1983933533
1040	1983966855
1041	1984000188
1042	1984033533
1043	1984066866
1044	1984100188
1045	1984133522
1046	1984166866
1047	1984200200
1048	1984233533
1049	1984266866
1050	1984300188
1051	1984333533
1052	1984366855
1053	1984400200
1054	1984433533
1055	1984466866
1056	1984500211
1057	1984533544
1058	1984566877
1059	1984600222
1060	1984633555
1061	1984666855
1062	1984700188
1063	1984733522
1064	1984766855
1065	1984800200
1066	1984833533
1067	1984866855
1068	1984900200
1069	1984933522
1070	1984966866
1071	1985000188
1072	1985033522
1073	1985066855
1074	1985100200
1075	1985133522
1076	1985166855
1077	1985200188
1078	1985233533
1079	1985266866
1080	1985300200
1081	1985333533
1082	1985366877
1083	1985400188
1084	1985433522
1085	1985466866
1086	1985500200
1087	1985533522
1088	1985566866
1089	1985600188
1090	1985633522
1091	1985666855
1092	1985700200
1093	1985733522
1094	1985766866
1095	1985800200
1096	1985833533
1097	1985866866
1098	1985900211
1099	1985933533
1100	1985966866
1101	1986000188
1102	1986033522
1103	1986066855
1104	1986100200
1105	1986133522
1106	1986166855
1107	1986200188
1108	1986233533
1109	1986266855
1110	1986300200
1111	1986333533
1112	1986366866
1113	1986400188
1114	1986433533
1115	1986466866
1116	1986500200
1117	1986533533
1118	1986566877
1119	1986600200
1120	1986633544
1121	1986666855
1122	1986700200
1123	1986733522
1124	1986766855
1125	1986800200
1126	1986833533
1127	1986866866
1128	1986900211
1129	1986933522
1130	1986966866
1131	1987000188
1132	1987033522
1133	1987066866
1134	1987100200
1135	1987133522
1136	1987166866
1137	1987200188
1138	1987233533
1139	1987266855
1140	1987300188
1141	1987333533
1142	1987366866
1143	1987400200
1144	1987433533
1145	1987466866
1146	1987500200
1147	1987533522
1148	1987566866
1149	1987600188
1150	1987633522
1151	1987666866
1152	1987700200
1153	1987733522
1154	1987766866
1155	1987800200
1156	1987833533
1157	1987866855
1158	1987900200
1159	1987933533
1160	1987966866
1161	1988000188
1162	1988033533
1163	1988066855
1164	1988100200
1165	1988133522
1166	1988166866
1167	1988200200
1168	1988233544
1169	1988266866
1170	1988300200
1171	1988333533
1172	1988366866
1173	1988400188
1174	1988433533
1175	1988466866
1176	1988500200
1177	1988533522
1178	1988566866
1179	1988600200
1180	1988633533
1181	1988666877
1182	1988700211
1183	1988733544
1184	1988766888
1185	1988800222
1186	1988833522
1187	1988866866
1188	1988900188
1189	1988933533
1190	1988966866
1191	1989000200
1192	1989033522
1193	1989066866
1194	1989100200
1195	1989133544
1196	1989166866
1197	1989200200
1198	1989233522
1199	1989266866
1200	1989300200
1201	1989333533
1202	1989366866
1203	1989400211
1204	1989433533
1205	1989466877
1206	1989500188
1207	1989533522
1208	1989566866
1209	1989600200
1210	1989633522
1211	1989666866
1212	1989700188
1213	1989733533
1214	1989766866
1215	1989800200
1216	1989833522
1217	1989866866
1218	1989900188
1219	1989933533
1220	1989966855
1221	1990000188
1222	1990033522
1223	1990066866
1224	1990100188
1225	1990133533
1226	1990166866
1227	1990200200
1228	1990233522
1229	1990266866
1230	1990300188
1231	1990333533
1232	1990366855
1233	1990400200
1234	1990433522
1235	1990466866
1236	1990500188
1237	1990533522
1238	1990566855
1239	1990600200
1240	1990633522
1241	1990666855
1242	1990700188
1243	1990733533
1244	1990766855
1245	1990800188
1246	1990833533
1247	1990866866
1248	1990900188
1249	1990933522
1250	1990966855
1251	1991000200
1252	1991033522
1253	1991066866
1254	1991100200
1255	1991133533
1256	1991166866
1257	1991200211
1258	1991233533
1259	1991266877
1260	1991300200
1261	1991333533
1262	1991366866
1263	1991400200
1264	1991433533
1265	1991466866
1266	1991500200
1267	1991533544
1268	1991566855
1269	1991600200
1270	1991633533
1271	1991666866
1272	1991700188
1273	1991733533
1274	1991766866
1275	1991800200
1276	1991833533
1277	1991866877
1278	1991900188
1279	1991933533
1280	1991966855
1281	1992000188
1282	1992033533
1283	1992066866
1284	1992100188
1285	1992133533
1286	1992166855
1287	1992200188
1288	1992233522
1289	1992266855
1290	1992300200
1291	1992333533
1292	1992366866
1293	1992400200
1294	1992433522
1295	1992466855
1296	1992500200
1297	1992533533
1298	1992566866
1299	1992600211
1300	1992633522
1301	1992666855
1302	1992700188
1303	1992733533
1304	1992766855
1305	1992800200
1306	1992833522
1307	1992866855
1308	1992900188
1309	1992933533
1310	1992966866
1311	1993000200
1312	1993033522
1313	1993066866
1314	1993100188
1315	1993133533
1316	1993166866
1317	1993200211
1318	1993233533
1319	1993266877
1320	1993300200
1321	1993333533
1322	1993366866
1323	1993400200
1324	1993433522
1325	1993466866
1326	1993500188
1327	1993533522
1328	1993566855
1329	1993600200
1330	1993633522
1331	1993666866
1332	1993700188
1333	1993733522
1334	1993766866
1335	1993800200
1336	1993833544
1337	1993866877
1338	1993900211
1339	1993933555
1340	1993966888
1341	1994000188
1342	1994033533
1343	1994066866
1344	1994100200
1345	1994133522
1346	1994166866
1347	1994200188
1348	1994233533
1349	1994266855
1350	1994300200
1351	1994333522
1352	1994366866
1353	1994400200
1354	1994433544
1355	1994466866
1356	1994500200
1357	1994533522
1358	1994566866
1359	1994600200
1360	1994633533
1361	1994666855
1362	1994700188
1363	1994733522
1364	1994766855
1365	1994800200
1366	1994833533
1367	1994866855
1368	1994900200
1369	1994933533
1370	1994966866
1371	1995000188
1372	1995033533
1373	1995066866
1374	1995100211
1375	1995133533
1376	1995166866
1377	1995200188
1378	1995233522
1379	1995266866
1380	1995300200
1381	1995333522
1382	1995366866
1383	1995400188
1384	1995433533
1385	1995466855
1386	1995500188
1387	1995533522
1388	1995566866
1389	1995600188
1390	1995633522
1391	1995666855
1392	1995700200
1393	1995733522
1394	1995766855
1395	1995800200
1396	1995833533
1397	1995866866
1398	1995900211
1399	1995933522
1400	1995966866
1401	1996000188
1402	1996033522
1403	1996066855
1404	1996100200
1405	1996133533
1406	1996166866
1407	1996200200
1408	1996233533
1409	1996266855
1410	1996300200
1411	1996333533
1412	1996366866
1413	1996400200
1414	1996433544
1415	1996466866
1416	1996500211
1417	1996533522
1418	1996566866
1419	1996600200
1420	1996633544
1421	1996666855
1422	1996700200
1423	1996733522
1424	1996766866
1425	1996800188
1426	1996833533
1427	1996866855
1428	1996900200
1429	1996933544
1430	1996966877
1431	1997000211
1432	1997033555
1433	1997066888
1434	1997100188
1435	1997133533
1436	1997166866
1437	1997200200
1438	1997233533
1439	1997266877
1440	1997300200
1441	1997333544
1442	1997366855
1443	1997400200
1444	1997433522
1445	1997466855
1446	1997500188
1447	1997533533
1448	1997566855
1449	1997600188
1450	1997633522
1451	1997666866
1452	1997700200
1453	1997733533
1454	1997766855
1455	1997800200
1456	1997833522
1457	1997866866
1458	1997900188
1459	1997933533
1460	1997966877
1461	1998000211
1462	1998033544
1463	1998066888
1464	1998100222
1465	1998133522
1466	1998166866
1467	1998200200
1468	1998233533
1469	1998266855
1470	1998300200
1471	1998333522
1472	1998366855
1473	1998400188
1474	1998433533
1475	1998466855
1476	1998500188
1477	1998533522
1478	1998566866
1479	1998600200
1480	1998633544
1481	1998666866
1482	1998700200
1483	1998733522
1484	1998766866
1485	1998800200
1486	1998833533
1487	1998866855
1488	1998900200
1489	1998933522
1490	1998966866
1491	1999000200
1492	1999033544
1493	1999066855
1494	1999100200
1495	1999133522
1496	1999166866
1497	1999200200
1498	1999233533
1499	1999266855
1500	1999300200
1501	1999333533
1502	1999366866
1503	1999400188
1504	1999433522
1505	1999466855
1506	1999500188
1507	1999533533
1508	1999566866
1509	1999600200
1510	1999633533
1511	1999666855
1512	1999700200
1513	1999733522
1514	1999766866
1515	1999800200
1516	1999833533
1517	1999866866
1518	1999900211
1519	1999933522
1520	1999966855
1521	2000000200
1522	2000033533
1523	2000066866
1524	2000100211
1525	2000133533
1526	2000166877
1527	2000200200
1528	2000233533
1529	2000266877
1530	2000300211
1531	2000333544
1532	2000366888
1533	2000400222
1534	2000433522
1535	2000466866
1536	2000500188
1537	2000533522
1538	2000566866
1539	2000600200
1540	2000633522
1541	2000666855
1542	2000700188
1543	2000733522
1544	2000766855
1545	2000800188
1546	2000833533
1547	2000866866
1548	2000900188
1549	2000933533
1550	2000966855
1551	2001000200
1552	2001033522
1553	2001066855
1554	2001100188
1555	2001133533
1556	2001166866
1557	2001200200
1558	2001233533
1559	2001266877
1560	2001300200
1561	2001333533
1562	2001366855
1563	2001400200
1564	2001433522
1565	2001466855
1566	2001500188
1567	2001533533
1568	2001566855
1569	2001600200
1570	2001633533
1571	2001666866
1572	2001700200
1573	2001733544
1574	2001766855
1575	2001800188
1576	2001833533
1577	2001866866
1578	2001900188
1579	2001933533
1580	2001966855
1581	2002000200
1582	2002033533
1583	2002066877
1584	2002100188
1585	2002133533
1586	2002166866
1587	2002200200
1588	2002233544
1589	2002266877
1590	2002300211
1591	2002333555
1592	2002366888
1593	2002400188
1594	2002433533
1595	2002466855
1596	2002500200
1597	2002533533
1598	2002566877
1599	2002600200
1600	2002633544
1601	2002666866
1602	2002700200
1603	2002733522
1604	2002766866
1605	2002800200
1606	2002833544
1607	2002866866
1608	2002900211
1609	2002933533
1610	2002966866
1611	2003000200
1612	2003033533
1613	2003066855
1614	2003100200
1615	2003133533
1616	2003166866
1617	2003200188
1618	2003233522
1619	2003266866
1620	2003300200
1621	2003333522
1622	2003366866
1623	2003400200
1624	2003433533
1625	2003466855
1626	2003500188
1627	2003533522
1628	2003566866
1629	2003600188
1630	2003633522
1631	2003666866
1632	2003700200
1633	2003733522
1634	2003766866
1635	2003800188
1636	2003833522
1637	2003866855
1638	2003900200
1639	2003933533
1640	2003966877
1641	2004000200
1642	2004033544
1643	2004066855
1644	2004100200
1645	2004133522
1646	2004166866
1647	2004200188
1648	2004233533
1649	2004266855
1650	2004300200
1651	2004333522
1652	2004366866
1653	2004400188
1654	2004433533
1655	2004466855
1656	2004500200
1657	2004533544
1658	2004566877
1659	2004600211
1660	2004633555
1661	2004666888
1662	2004700188
1663	2004733533
1664	2004766855
1665	2004800188
1666	2004833533
1667	2004866866
1668	2004900200
1669	2004933544
1670	2004966866
1671	2005000200
1672	2005033522
1673	2005066866
1674	2005100200
1675	2005133533
1676	2005166855
1677	2005200188
1678	2005233522
1679	2005266855
1680	2005300188
1681	2005333533
1682	2005366855
1683	2005400188
1684	2005433533
1685	2005466866
1686	2005500188
1687	2005533533
1688	2005566855
1689	2005600200
1690	2005633533
1691	2005666866
1692	2005700200
1693	2005733544
1694	2005766855
1695	2005800200
1696	2005833522
1697	2005866855
1698	2005900188
1699	2005933522
1700	2005966866
1701	2006000211
1702	2006033522
1703	2006066855
1704	2006100188
1705	2006133533
1706	2006166855
1707	2006200188
1708	2006233522
1709	2006266866
1710	2006300200
1711	2006333544
1712	2006366866
1713	2006400200
1714	2006433522
1715	2006466855
1716	2006500200
1717	2006533533
1718	2006566855
1719	2006600200
1720	2006633533
1721	2006666866
1722	2006700200
1723	2006733544
1724	2006766866
1725	2006800200
1726	2006833522
1727	2006866855
1728	2006900188
1729	2006933533
1730	2006966866
1731	2007000200
1732	2007033533
1733	2007066877
1734	2007100200
1735	2007133533
1736	2007166855
1737	2007200200
1738	2007233522
1739	2007266866
1740	2007300188
1741	2007333533
1742	2007366866
1743	2007400211
1744	2007433533
1745	2007466866
1746	2007500188
1747	2007533522
1748	2007566855
1749	2007600200
1750	2007633522
1751	2007666866
1752	2007700188
1753	2007733522
1754	2007766866
1755	2007800200
1756	2007833522
1757	2007866866
1758	2007900200
1759	2007933544
1760	2007966866
1761	2008000200
1762	2008033522
1763	2008066866
1764	2008100200
1765	2008133533
1766	2008166855
1767	2008200200
1768	2008233522
1769	2008266855
1770	2008300200
1771	2008333533
1772	2008366855
1773	2008400200
1774	2008433522
1775	2008466866
1776	2008500200
1777	2008533544
1778	2008566866
1779	2008600211
1780	2008633522
1781	2008666855
1782	2008700188
1783	2008733533
1784	2008766855
1785	2008800200
1786	2008833522
1787	2008866866
1788	2008900188
1789	2008933522
1790	2008966855
1791	2009000200
1792	2009033522
1793	2009066855
1794	2009100188
1795	2009133522
1796	2009166866
1797	2009200200
1798	2009233522
1799	2009266866
1800	2009300188
1801	2009333533
1802	2009366866
1803	2009400211
1804	2009433533
1805	2009466866
1806	2009500188
1807	2009533533
1808	2009566855
1809	2009600200
1810	2009633522
1811	2009666855
1812	2009700188
1813	2009733533
1814	2009766866
1815	2009800211
1816	2009833522
1817	2009866855
1818	2009900188
1819	2009933533
1820	2009966866
1821	2010000200
1822	2010033522
1823	2010066855
1824	2010100188
1825	2010133522
1826	2010166866
1827	2010200200
1828	2010233522
1829	2010266866
1830	2010300188
1831	2010333522
1832	2010366866
1833	2010400200
1834	2010433522
1835	2010466855
1836	2010500200
1837	2010533533
1838	2010566855
1839	2010600200
1840	2010633522
1841	2010666855
1842	2010700200
1843	2010733533
1844	2010766855
1845	2010800188
1846	2010833533
1847	2010866866
1848	2010900188
1849	2010933533
1850	2010966866
1851	2011000200
1852	2011033533
1853	2011066877
1854	2011100188
1855	2011133522
1856	2011166866
1857	2011200200
1858	2011233533
1859	2011266877
1860	2011300200
1861	2011333544
1862	2011366866
1863	2011400200
1864	2011433522
1865	2011466866
1866	2011500188
1867	2011533522
1868	2011566855
1869	2011600200
1870	2011633522
1871	2011666866
1872	2011700200
1873	2011733533
1874	2011766855
1875	2011800200
1876	2011833522
1877	2011866866
1878	2011900200
1879	2011933544
1880	2011966866
1881	2012000211
1882	2012033522
1883	2012066855
1884	2012100188
1885	2012133533
1886	2012166855
1887	2012200200
1888	2012233533
1889	2012266877
1890	2012300188
1891	2012333522
1892	2012366866
1893	2012400200
1894	2012433522
1895	2012466866
1896	2012500200
1897	2012533533
1898	2012566855
1899	2012600200
1900	2012633522
1901	2012666866
1902	2012700188
1903	2012733522
1904	2012766855
1905	2012800200
1906	2012833522
1907	2012866866
1908	2012900200
1909	2012933544
1910	2012966866
1911	2013000200
1912	2013033522
1913	2013066855
1914	2013100188
1915	2013133522
1916	2013166866
1917	2013200200
1918	2013233522
1919	2013266855
1920	2013300188
1921	2013333522
1922	2013366866
1923	2013400200
1924	2013433522
1925	2013466866
1926	2013500200
1927	2013533533
1928	2013566866
1929	2013600211
1930	2013633522
1931	2013666866
1932	2013700188
1933	2013733533
1934	2013766855
1935	2013800200
1936	2013833522
1937	2013866855
1938	2013900200
1939	2013933533
1940	2013966866
1941	2014000200
1942	2014033533
1943	2014066866
1944	2014100200
1945	2014133544
1946	2014166866
1947	2014200200
1948	2014233533
1949	2014266877
1950	2014300188
1951	2014333522
1952	2014366855
1953	2014400200
1954	2014433522
1955	2014466866
1956	2014500188
1957	2014533533
1958	2014566866
1959	2014600211
1960	2014633522
1961	2014666855
1962	2014700188
1963	2014733533
1964	2014766866
1965	2014800211
1966	2014833522
1967	2014866866
1968	2014900188
1969	2014933533
1970	2014966866
1971	2015000200
1972	2015033533
1973	2015066866
1974	2015100200
1975	2015133544
1976	2015166866
1977	2015200211
1978	2015233533
1979	2015266866
1980	2015300188
1981	2015333533
1982	2015366866
1983	2015400211
1984	2015433522
1985	2015466866
1986	2015500200
1987	2015533544
1988	2015566866
1989	2015600200
1990	2015633522
1991	2015666866
1992	2015700200
1993	2015733533
1994	2015766855
1995	2015800200
1996	2015833522
1997	2015866855
1998	2015900200
1999	2015933533
2000	2015966855
2001	2016000200
2002	2016033533
2003	2016066866
2004	2016100200
2005	2016133533
2006	2016166855
2007	2016200200
2008	2016233533
2009	2016266866
2010	2016300200
2011	2016333544
2012	2016366866
2013	2016400211
2014	2016433533
2015	2016466866
2016	2016500188
2017	2016533522
2018	2016566855
2019	2016600200
2020	2016633522
2021	2016666866
2022	2016700188
2023	2016733533
2024	2016766866
2025	2016800200
2026	2016833533
2027	2016866877
2028	2016900188
2029	2016933533
2030	2016966855
2031	2017000200
2032	2017033533
2033	2017066877
2034	2017100200
2035	2017133544
2036	2017166855
2037	2017200188
2038	2017233522
2039	2017266866
2040	2017300188
2041	2017333533
2042	2017366866
2043	2017400211
2044	2017433533
2045	2017466877
2046	2017500188
2047	2017533533
2048	2017566866
2049	2017600200
2050	2017633533
2051	2017666866
2052	2017700200
2053	2017733533
2054	2017766866
2055	2017800200
2056	2017833533
2057	2017866877
2058	2017900188
2059	2017933533
2060	2017966866
2061	2018000211
2062	2018033533
2063	2018066866
2064	2018100200
2065	2018133533
2066	2018166866
2067	2018200211
2068	2018233544
2069	2018266877
2070	2018300211
2071	2018333555
2072	2018366888
2073	2018400188
2074	2018433533
2075	2018466855
2076	2018500188
2077	2018533533
2078	2018566866
2079	2018600188
2080	2018633533
2081	2018666866
2082	2018700200
2083	2018733522
2084	2018766855
2085	2018800188
2086	2018833522
2087	2018866866
2088	2018900200
2089	2018933522
2090	2018966866
2091	2019000188
2092	2019033533
2093	2019066866
2094	2019100200
2095	2019133544
2096	2019166877
2097	2019200211
2098	2019233555
2099	2019266888
2100	2019300188
2101	2019333522
2102	2019366855
2103	2019400200
2104	2019433533
2105	2019466877
2106	2019500200
2107	2019533533
2108	2019566855
2109	2019600200
2110	2019633533
2111	2019666877
2112	2019700188
2113	2019733533
2114	2019766855
2115	2019800200
2116	2019833533
2117	2019866866
2118	2019900188
2119	2019933533
2120	2019966855
2121	2020000200
2122	2020033522
2123	2020066866
2124	2020100188
2125	2020133533
2126	2020166866
2127	2020200200
2128	2020233544
2129	2020266877
2130	2020300222
2131	2020333555
2132	2020366855
2133	2020400200
2134	2020433522
2135	2020466866
2136	2020500188
2137	2020533533
2138	2020566877
2139	2020600211
2140	2020633544
2141	2020666888
2142	2020700222
2143	2020733522
2144	2020766866
2145	2020800188
2146	2020833522
2147	2020866866
2148	2020900200
2149	2020933533
2150	2020966866
2151	2021000200
2152	2021033533
2153	2021066855
2154	2021100200
2155	2021133522
2156	2021166866
2157	2021200200
2158	2021233533
2159	2021266855
2160	2021300200
2161	2021333533
2162	2021366866
2163	2021400188
2164	2021433533
2165	2021466855
2166	2021500200
2167	2021533522
2168	2021566866
2169	2021600188
2170	2021633533
2171	2021666855
2172	2021700200
2173	2021733522
2174	2021766855
2175	2021800188
2176	2021833533
2177	2021866866
2178	2021900200
2179	2021933522
2180	2021966866
2181	2022000200
2182	2022033533
2183	2022066866
2184	2022100211
2185	2022133522
2186	2022166866
2187	2022200188
2188	2022233533
2189	2022266866
2190	2022300200
2191	2022333522
2192	2022366855
2193	2022400200
2194	2022433533
2195	2022466855
2196	2022500200
2197	2022533522
2198	2022566855
2199	2022600200
2200	2022633533
2201	2022666855
2202	2022700200
2203	2022733522
2204	2022766855
2205	2022800188
2206	2022833533
2207	2022866855
2208	2022900200
2209	2022933522
2210	2022966855
2211	2023000188
2212	2023033533
2213	2023066855
2214	2023100200
2215	2023133522
2216	2023166866
2217	2023200200
2218	2023233544
2219	2023266855
2220	2023300200
2221	2023333533
2222	2023366877
2223	2023400200
2224	2023433544
2225	2023466866
2226	2023500200
2227	2023533522
2228	2023566866
2229	2023600200
2230	2023633533
2231	2023666866
2232	2023700211
2233	2023733533
2234	2023766866
2235	2023800188
2236	2023833522
2237	2023866866
2238	2023900200
2239	2023933522
2240	2023966866
2241	2024000188
2242	2024033533
2243	2024066855
2244	2024100188
2245	2024133522
2246	2024166866
2247	2024200188
2248	2024233522
2249	2024266866
2250	2024300200
2251	2024333522
2252	2024366866
2253	2024400200
2254	2024433533
2255	2024466866
2256	2024500200
2257	2024533522
2258	2024566866
2259	2024600188
2260	2024633522
2261	2024666866
2262	2024700200
2263	2024733522
2264	2024766855
2265	2024800188
2266	2024833533
2267	2024866855
2268	2024900200
2269	2024933522
2270	2024966866
2271	2025000188
2272	2025033533
2273	2025066866
2274	2025100200
2275	2025133533
2276	2025166866
2277	2025200188
2278	2025233533
2279	2025266855
2280	2025300188
2281	2025333522
2282	2025366866
2283	2025400188
2284	2025433533
2285	2025466855
2286	2025500188
2287	2025533522
2288	2025566866
2289	2025600188
2290	2025633522
2291	2025666866
2292	2025700200
2293	2025733533
2294	2025766877
2295	2025800200
2296	2025833533
2297	2025866866
2298	2025900200
2299	2025933533
2300	2025966877
2301	2026000188
2302	2026033522
2303	2026066855
2304	2026100200
2305	2026133533
2306	2026166866
2307	2026200188
2308	2026233533
2309	2026266866
2310	2026300200
2311	2026333522
2312	2026366866
2313	2026400188
2314	2026433533
2315	2026466866
2316	2026500200
2317	2026533533
2318	2026566877
2319	2026600200
2320	2026633544
2321	2026666866
2322	2026700200
2323	2026733522
2324	2026766866
2325	2026800200
2326	2026833533
2327	2026866855
2328	2026900200
2329	2026933522
2330	2026966855
2331	2027000200
2332	2027033533
2333	2027066855
2334	2027100188
2335	2027133533
2336	2027166866
2337	2027200188
2338	2027233533
2339	2027266855
2340	2027300188
2341	2027333522
2342	2027366855
2343	2027400188
2344	2027433533
2345	2027466855
2346	2027500188
2347	2027533522
2348	2027566866
2349	2027600211
2350	2027633544
2351	2027666877
2352	2027700222
2353	2027733555
2354	2027766855
2355	2027800200
2356	2027833522
2357	2027866855
2358	2027900200
2359	2027933533
2360	2027966855
2361	2028000188
2362	2028033522
2363	2028066866
2364	2028100200
2365	2028133533
2366	2028166866
2367	2028200211
2368	2028233533
2369	2028266866
2370	2028300200
2371	2028333533
2372	2028366855
2373	2028400200
2374	2028433522
2375	2028466855
2376	2028500188
2377	2028533533
2378	2028566855
2379	2028600200
2380	2028633522
2381	2028666855
2382	2028700188
2383	2028733533
2384	2028766855
2385	2028800200
2386	2028833533
2387	2028866866
2388	2028900188
2389	2028933533
2390	2028966855
2391	2029000200
2392	2029033533
2393	2029066877
2394	2029100188
2395	2029133533
2396	2029166855
2397	2029200200
2398	2029233533
2399	2029266877
2400	2029300200
2401	2029333533
2402	2029366866
2403	2029400211
2404	2029433522
2405	2029466866
2406	2029500188
2407	2029533522
2408	2029566855
2409	2029600200
2410	2029633522
2411	2029666866
2412	2029700200
2413	2029733533
2414	2029766855
2415	2029800200
2416	2029833533
2417	2029866866
2418	2029900200
2419	2029933544
2420	2029966866
2421	2030000211
2422	2030033533
2423	2030066866
2424	2030100200
2425	2030133533
2426	2030166866
2427	2030200200
2428	2030233533
2429	2030266877
2430	2030300188
2431	2030333533
2432	2030366855
2433	2030400188
2434	2030433522
2435	2030466866
2436	2030500188
2437	2030533522
2438	2030566855
2439	2030600200
2440	2030633522
2441	2030666866
2442	2030700188
2443	2030733533
2444	2030766866
2445	2030800211
2446	2030833533
2447	2030866877
2448	2030900200
2449	2030933533
2450	2030966855
2451	2031000200
2452	2031033522
2453	2031066855
2454	2031100188
2455	2031133533
2456	2031166855
2457	2031200200
2458	2031233522
2459	2031266855
2460	2031300200
2461	2031333533
2462	2031366877
2463	2031400211
2464	2031433544
2465	2031466888
2466	2031500222
2467	2031533522
2468	2031566855
2469	2031600200
2470	2031633533
2471	2031666877
2472	2031700211
2473	2031733544
2474	2031766888
2475	2031800222
2476	2031833522
2477	2031866866
2478	2031900188
2479	2031933522
2480	2031966866
2481	2032000200
2482	2032033522
2483	2032066866
2484	2032100200
2485	2032133533
2486	2032166855
2487	2032200200
2488	2032233522
2489	2032266866
2490	2032300188
2491	2032333522
2492	2032366855
2493	2032400188
2494	2032433522
2495	2032466866
2496	2032500200
2497	2032533544
2498	2032566855
2499	2032600188
2500	2032633533
2501	2032666866
2502	2032700188
2503	2032733533
2504	2032766866
2505	2032800200
2506	2032833522
2507	2032866855
2508	2032900188
2509	2032933533
2510	2032966855
2511	2033000188
2512	2033033522
2513	2033066866
2514	2033100188
2515	2033133522
2516	2033166866
2517	2033200200
2518	2033233533
2519	2033266877
2520	2033300200
2521	2033333533
2522	2033366855
2523	2033400200
2524	2033433522
2525	2033466866
2526	2033500200
2527	2033533533
2528	2033566866
2529	2033600200
2530	2033633533
2531	2033666877
2532	2033700188
2533	2033733533
2534	2033766855
2535	2033800200
2536	2033833533
2537	2033866866
2538	2033900188
2539	2033933533
2540	2033966866
2541	2034000211
2542	2034033522
2543	2034066866
2544	2034100188
2545	2034133533
2546	2034166855
2547	2034200200
2548	2034233544
2549	2034266877
2550	2034300211
2551	2034333555
2552	2034366888
2553	2034400188
2554	2034433533
2555	2034466866
2556	2034500200
2557	2034533544
2558	2034566877
2559	2034600211
2560	2034633555
2561	2034666888
2562	2034700188
2563	2034733522
2564	2034766866
2565	2034800200
2566	2034833522
2567	2034866866
2568	2034900200
2569	2034933544
2570	2034966866
2571	2035000200
2572	2035033522
2573	2035066866
2574	2035100200
2575	2035133544
2576	2035166866
2577	2035200200
2578	2035233522
2579	2035266855
2580	2035300200
2581	2035333533
2582	2035366855
2583	2035400200
2584	2035433522
2585	2035466855
2586	2035500200
2587	2035533533
2588	2035566855
2589	2035600200
2590	2035633533
2591	2035666866
2592	2035700188
2593	2035733533
2594	2035766866
2595	2035800200
2596	2035833522
2597	2035866866
2598	2035900188
2599	2035933533
2600	2035966855
2601	2036000200
2602	2036033533
2603	2036066877
2604	2036100200
2605	2036133533
2606	2036166866
2607	2036200211
2608	2036233533
2609	2036266877
2610	2036300188
2611	2036333533
2612	2036366855
2613	2036400200
2614	2036433522
2615	2036466866
2616	2036500188
2617	2036533533
2618	2036566855
2619	2036600200
2620	2036633522
2621	2036666866
2622	2036700200
2623	2036733533
2624	2036766855
2625	2036800188
2626	2036833533
2627	2036866866
2628	2036900188
2629	2036933533
2630	2036966855
2631	2037000200
2632	2037033522
2633	2037066866
2634	2037100200
2635	2037133544
2636	2037166855
2637	2037200200
2638	2037233522
2639	2037266866
2640	2037300200
2641	2037333533
2642	2037366866
2643	2037400211
2644	2037433522
2645	2037466866
2646	2037500200
2647	2037533533
2648	2037566855
2649	2037600200
2650	2037633522
2651	2037666855
2652	2037700188
2653	2037733522
2654	2037766855
2655	2037800200
2656	2037833533
2657	2037866866
2658	2037900200
2659	2037933533
2660	2037966855
2661	2038000200
2662	2038033533
2663	2038066877
2664	2038100188
2665	2038133533
2666	2038166855
2667	2038200200
2668	2038233533
2669	2038266877
2670	2038300200
2671	2038333533
2672	2038366855
2673	2038400200
2674	2038433522
2675	2038466855
2676	2038500188
2677	2038533522
2678	2038566855
2679	2038600200
2680	2038633522
2681	2038666855
2682	2038700200
2683	2038733533
2684	2038766855
2685	2038800200
2686	2038833533
2687	2038866866
2688	2038900188
2689	2038933533
2690	2038966866
2691	2039000200
2692	2039033522
2693	2039066866
2694	2039100188
2695	2039133533
2696	2039166855
2697	2039200200
2698	2039233522
2699	2039266855
2700	2039300188
2701	2039333522
2702	2039366866
2703	2039400200
2704	2039433522
2705	2039466866
2706	2039500200
2707	2039533533
2708	2039566866
2709	2039600211
2710	2039633522
2711	2039666866
2712	2039700200
2713	2039733533
2714	2039766855
2715	2039800188
2716	2039833533
2717	2039866866
2718	2039900188
2719	2039933533
2720	2039966855
2721	2040000200
2722	2040033522
2723	2040066866
2724	2040100188
2725	2040133533
2726	2040166855
2727	2040200200
2728	2040233533
2729	2040266866
2730	2040300200
2731	2040333533
2732	2040366855
2733	2040400188
2734	2040433522
2735	2040466866
2736	2040500188
2737	2040533533
2738	2040566855
2739	2040600200
2740	2040633533
2741	2040666866
2742	2040700188
2743	2040733533
2744	2040766855
2745	2040800200
2746	2040833533
2747	2040866866
2748	2040900188
2749	2040933522
2750	2040966866
2751	2041000200
2752	2041033533
2753	2041066866
2754	2041100188
2755	2041133522
2756	2041166855
2757	2041200200
2758	2041233533
2759	2041266877
2760	2041300200
2761	2041333544
2762	2041366866
2763	2041400200
2764	2041433522
2765	2041466866
2766	2041500200
2767	2041533533
2768	2041566866
2769	2041600200
2770	2041633533
2771	2041666866
2772	2041700188
2773	2041733533
2774	2041766855
2775	2041800200
2776	2041833522
2777	2041866866
2778	2041900200
2779	2041933544
2780	2041966866
2781	2042000200
2782	2042033522
2783	2042066866
2784	2042100188
2785	2042133533
2786	2042166855
2787	2042200200
2788	2042233522
2789	2042266855
2790	2042300188
2791	2042333533
2792	2042366855
2793	2042400200
2794	2042433522
2795	2042466866
2796	2042500188
2797	2042533522
2798	2042566855
2799	2042600188
2800	2042633522
2801	2042666866
2802	2042700200
2803	2042733533
2804	2042766855
2805	2042800200
2806	2042833522
2807	2042866866
2808	2042900200
2809	2042933544
2810	2042966866
2811	2043000200
2812	2043033533
2813	2043066877
2814	2043100200
2815	2043133544
2816	2043166855
2817	2043200200
2818	2043233533
2819	2043266877
2820	2043300188
2821	2043333533
2822	2043366855
2823	2043400200
2824	2043433522
2825	2043466866
2826	2043500188
2827	2043533522
2828	2043566855
2829	2043600200
2830	2043633522
2831	2043666855
2832	2043700200
2833	2043733533
2834	2043766855
2835	2043800200
2836	2043833522
2837	2043866855
2838	2043900188
2839	2043933533
2840	2043966855
2841	2044000200
2842	2044033533
2843	2044066866
2844	2044100200
2845	2044133533
2846	2044166855
2847	2044200200
2848	2044233522
2849	2044266855
2850	2044300200
2851	2044333533
2852	2044366866
2853	2044400211
2854	2044433522
2855	2044466866
2856	2044500200
2857	2044533533
2858	2044566855
2859	2044600200
2860	2044633522
2861	2044666855
2862	2044700200
2863	2044733533
2864	2044766855
2865	2044800200
2866	2044833522
2867	2044866855
2868	2044900200
2869	2044933533
2870	2044966855
2871	2045000200
2872	2045033522
2873	2045066866
2874	2045100188
2875	2045133533
2876	2045166866
2877	2045200200
2878	2045233522
2879	2045266866
2880	2045300188
2881	2045333522
2882	2045366855
2883	2045400200
2884	2045433533
2885	2045466877
2886	2045500200
2887	2045533533
2888	2045566855
2889	2045600200
2890	2045633533
2891	2045666866
2892	2045700200
2893	2045733533
2894	2045766855
2895	2045800200
2896	2045833522
2897	2045866866
2898	2045900200
2899	2045933544
2900	2045966866
2901	2046000200
2902	2046033522
2903	2046066855
2904	2046100200
2905	2046133533
2906	2046166866
2907	2046200211
2908	2046233522
2909	2046266855
2910	2046300188
2911	2046333533
2912	2046366855
2913	2046400200
2914	2046433522
2915	2046466866
2916	2046500188
2917	2046533533
2918	2046566855
2919	2046600200
2920	2046633533
2921	2046666877
2922	2046700188
2923	2046733533
2924	2046766855
2925	2046800200
2926	2046833533
2927	2046866866
2928	2046900188
2929	2046933522
2930	2046966855
2931	2047000200
2932	2047033522
2933	2047066855
2934	2047100188
2935	2047133533
2936	2047166866
2937	2047200211
2938	2047233533
2939	2047266877
2940	2047300188
2941	2047333533
2942	2047366855
2943	2047400188
2944	2047433522
2945	2047466866
2946	2047500188
2947	2047533522
2948	2047566866
2949	2047600200
2950	2047633533
2951	2047666877
2952	2047700188
2953	2047733533
2954	2047766877
2955	2047800211
2956	2047833544
2957	2047866888
2958	2047900222
2959	2047933522
2960	2047966866
2961	2048000200
2962	2048033533
2963	2048066877
2964	2048100211
2965	2048133544
2966	2048166888
2967	2048200222
2968	2048233522
2969	2048266866
2970	2048300211
2971	2048333544
2972	2048366877
2973	2048400222
2974	2048433555
2975	2048466855
2976	2048500200
2977	2048533533
2978	2048566866
2979	2048600188
2980	2048633522
2981	2048666855
2982	2048700200
2983	2048733533
2984	2048766877
2985	2048800188
2986	2048833533
2987	2048866855
2988	2048900188
2989	2048933522
2990	2048966866
2991	2049000188
2992	2049033533
2993	2049066855
2994	2049100200
2995	2049133522
2996	2049166855
2997	2049200200
2998	2049233533
2999	2049266866
3000	2049300200
3001	2049333522
3002	2049366855
3003	2049400188
3004	2049433533
3005	2049466866
3006	2049500200
3007	2049533533
3008	2049566866
3009	2049600188
3010	2049633533
3011	2049666855
3012	2049700188
3013	2049733522
3014	2049766866
3015	2049800188
3016	2049833533
3017	2049866866
3018	2049900211
3019	2049933522
3020	2049966855
3021	2050000200
3022	2050033533
3023	2050066855
3024	2050100188
3025	2050133533
3026	2050166866
3027	2050200200
3028	2050233544
3029	2050266877
3030	2050300211
3031	2050333544
3032	2050366888
3033	2050400222
3034	2050433522
3035	2050466855
3036	2050500200
3037	2050533533
3038	2050566855
3039	2050600200
3040	2050633522
3041	2050666866
3042	2050700188
3043	2050733533
3044	2050766855
3045	2050800200
3046	2050833522
3047	2050866866
3048	2050900188
3049	2050933533
3050	2050966855
3051	2051000200
3052	2051033522
3053	2051066866
3054	2051100188
3055	2051133533
3056	2051166855
3057	2051200200
3058	2051233522
3059	2051266855
3060	2051300188
3061	2051333522
3062	2051366866
3063	2051400200
3064	2051433533
3065	2051466866
3066	2051500188
3067	2051533522
3068	2051566855
3069	2051600188
3070	2051633522
3071	2051666866
3072	2051700188
3073	2051733533
3074	2051766855
3075	2051800200
3076	2051833522
3077	2051866866
3078	2051900211
3079	2051933544
3080	2051966877
3081	2052000222
3082	2052033555
3083	2052066855
3084	2052100200
3085	2052133533
3086	2052166866
3087	2052200188
3088	2052233522
3089	2052266855
3090	2052300200
3091	2052333533
3092	2052366866
3093	2052400188
3094	2052433533
3095	2052466866
3096	2052500200
3097	2052533522
3098	2052566866
3099	2052600188
3100	2052633522
3101	2052666855
3102	2052700200
3103	2052733522
3104	2052766855
3105	2052800188
3106	2052833533
3107	2052866855
3108	2052900200
3109	2052933522
3110	2052966866
3111	2053000188
3112	2053033533
3113	2053066866
3114	2053100211
3115	2053133533
3116	2053166866
3117	2053200188
3118	2053233533
3119	2053266855
3120	2053300188
3121	2053333522
3122	2053366866
3123	2053400188
3124	2053433522
3125	2053466855
3126	2053500200
3127	2053533522
3128	2053566866
3129	2053600188
3130	2053633533
3131	2053666855
3132	2053700200
3133	2053733533
3134	2053766866
3135	2053800188
3136	2053833522
3137	2053866855
3138	2053900200
3139	2053933522
3140	2053966866
3141	2054000200
3142	2054033533
3143	2054066855
3144	2054100188
3145	2054133533
3146	2054166866
3147	2054200188
3148	2054233533
3149	2054266855
3150	2054300200
3151	2054333522
3152	2054366866
3153	2054400200
3154	2054433544
3155	2054466866
3156	2054500200
3157	2054533522
3158	2054566855
3159	2054600188
3160	2054633533
3161	2054666866
3162	2054700200
3163	2054733522
3164	2054766866
3165	2054800200
3166	2054833533
3167	2054866855
3168	2054900200
3169	2054933533
3170	2054966877
3171	2055000188
3172	2055033522
3173	2055066866
3174	2055100200
3175	2055133522
3176	2055166866
3177	2055200188
3178	2055233522
3179	2055266855
3180	2055300200
3181	2055333522
3182	2055366866
3183	2055400200
3184	2055433544
3185	2055466866
3186	2055500200
3187	2055533533
3188	2055566866
3189	2055600188
3190	2055633533
3191	2055666855
3192	2055700188
3193	2055733533
3194	2055766866
3195	2055800188
3196	2055833533
3197	2055866866
3198	2055900200
3199	2055933533
3200	2055966877
3201	2056000188
